-73.6924
-8.26997
-56.2082
35.7729
86.9386
3.88327
-93.0856
5.94004
-98.4604
-86.6316
37.3545
86.0873
5.38576
30.7838
40.2381
52.4396
-90.5071
-34.3532
51.2821
-26.9323
96.5101
50.6712
-85.4628
76.9414
-12.7177
-4.45365
-45.0186
-66.6986
79.5313
-87.8871
0.904579
-36.1934
-1.20466
-81.8534
-85.2502
-23.1716
82.7635
-7.11084
-89.9832
54.0409
-74.9269
37.6911
25.9087
45.0824
77.7144
-38.7356
2.65474
69.1963
68.3021
-16.9211
-6.41653
-64.3345
14.331
-93.3892
-0.303976
49.6585
78.1475
68.4079
-57.4497
-73.9145
-45.0824
-17.1413
41.9639
-52.0178
-36.4921
30.4117
36.2692
-22.4549
-70.4934
69.1151
91.0818
-70.3697
-18.2467
12.9797
-2.29709
92.219
-60.0486
25.8538
30.2507
60.6146
-4.71364
-59.3499
80.3347
-71.5958
-17.9374
77.1297
-67.5603
-26.9322
-72.9781
-8.93854
-9.53997
86.3349
-56.9503
81.7844
72.172
1.19118
63.5123
-7.551
26.5477
64.9395
40.4413
90.883
-42.1368
2.88693
-17.1943
75.3131
45.9495
43.1285
41.3071
-96.1815
4.99748
-86.9612
-2.21137
36.4098
83.3268
78.0037
-72.161
97.8725
-10.7953
2.93189
-12.0549
61.33
-57.6962
-69.2791
23.2701
-99.8242
45.467
-16.4553
36.1124
67.284
65.7416
-83.6525
25.9144
-57.2906
-22.2354
89.509
-46.1571
-43.193
56.773
-43.5688
-97.7368
96.6472
63.9452
-20.3713
-64.6239
-68.4538
-48.5663
-79.6725
26.9435
58.954
50.5881
26.686
19.6433
-36.2444
-76.5126
5.22466
17.5978
40.5979
-67.6625
72.0451
11.3672
-36.7985
5.70965
17.6238
-13.8304
-25.9547
-10.6268
-22.4338
-84.3474
-49.2155
35.2474
45.7217
88.9506
88.0326
-7.91317
32.2711
21.1279
-69.9212
-31.2365
4.56154
-97.0099
28.5958
83.5695
94.0173
68.7951
-8.84968
-95.5833
41.39
-12.6723
50.342
39.1358
50.7725
-99.1492
-84.0166
80.6602
49.3358
-98.7317
3.69568
8.80454
-56.8348
25.3723
41.864
-43.9422
-25.6181
-37.9662
-79.2405
55.1761
-88.9442
-67.9452
-40.5956
-4.43914
3.9977
-69.9377
66.7364
15.5552
-33.765
97.3766
-99.6685
-94.1289
-2.06966
47.7917
7.25335
-75.4986
-62.3448
22.8251
-74.8134
90.8057
67.6203
-48.1972
-15.1328
79.5828
52.1235
-9.62975
33.1007
-58.0875
9.39497
-64.8051
-13.6183
37.4829
67.2413
94.6692
-83.9294
53.8875
-49.9689
53.8228
49.8503
36.3332
-92.7265
-55.6665
30.5244
-25.7069
-53.2617
-66.8145
-68.0485
32.3987
89.8314
24.2091
-96.4111
44.3743
-89.2611
3.83497
-86.9287
95.436
-34.1888
48.6548
-65.7241
87.9451
-49.0085
-75.2302
-67.9834
-78.963
-26.2876
-34.5545
15.3552
51.6492
39.9582
87.0483
-27.5833
-8.98552
-51.9119
-15.6843
-42.0467
-56.7228
5.48782
72.7286
42.3129
-23.4357
-8.04745
59.0705
-99.3542
32.9378
-62.6351
-73.1922
89.2089
21.2003
-30.5017
1.93165
66.8677
-34.1131
26.3527
-91.7159
53.413
3.86064
-55.8969
-82.2015
41.2923
-47.6443
-24.3268
-53.4785
-6.1003
95.4477
-93.1514
-93.6722
18.3176
-34.0842
7.30565
-19.2838
93.3819
73.5028
-70.3219
27.9047
86.3829
63.0814
14.5613
89.0501
-68.9172
-31.2773
-80.6923
-95.519
71.3752
34.9049
39.6921
-61.6032
-30.8257
-71.8579
-55.6687
17.2032
-94.7321
52.4688
-84.5351
85.1006
-13.9108
66.2512
20.3275
3.86733
-67.7161
14.8721
6.28546
33.4099
9.74726
33.5931
14.3165
-11.7374
0.454946
-93.6687
4.41269
-92.9881
-78.5639
10.3659
22.2221
54.4061
-2.66377
39.3991
-2.6301
42.09
-44.6706
-43.9793
6.09791
-52.9195
19.4952
84.0505
64.2355
-53.9461
79.9042
30.3029
87.1872
71.7532
90.4862
-75.41
40.4943
-78.4522
-80.0269
-31.0847
51.5242
-33.8483
14.6366
-59.5036
94.8696
-1.63185
60.9825
-68.084
-70.1497
-23.8783
-15.1733
30.2589
-87.9715
79.5314
80.2436
-65.8408
-93.7192
4.44293
-44.5604
17.3724
62.3791
87.9743
15.9725
76.1568
-62.0903
43.7839
-85.4262
75.812
-82.0294
-16.6407
34.9386
62.6094
53.872
79.3048
-2.70586
-24.5031
37.5156
-84.6356
-4.47184
-52.3961
95.1762
36.2398
-27.52
58.8556
-85.2978
-3.22543
-0.0685338
86.5687
-70.7609
-83.9356
-18.3645
92.632
-60.384
-60.7385
15.1358
17.1349
-26.3595
20.0265
-70.2425
99.0801
-19.452
63.9054
-25.1501
-4.04428
29.299
59.807
-28.4656
-33.1386
-71.0205
33.3713
-37.0602
20.4499
84.1659
3.30629
-47.1733
66.7296
26.9239
-8.39083
-68.8254
33.1946
58.9762
-42.2691
-35.8777
43.831
-53.6209
-25.3281
-85.2299
13.2365
-15.4895
-41.3913
-28.4949
17.8838
-7.38826
88.8904
-89.9037
19.1854
72.8343
-79.0841
66.6756
31.7187
-96.2168
-61.0642
4.61449
43.959
67.4164
31.9775
28.6053
6.97524
-35.3142
-11.5259
-44.6665
-76.5524
67.2751
-33.4143
7.19127
85.978
-51.3543
19.3446
-50.6053
-60.7644
67.1994
24.6485
34.3296
74.2568
-76.8787
35.2131
-9.09057
-93.5461
71.0165
32.2851
-88.008
-44.1014
-64.716
79.4489
18.8318
38.1863
13.868
-13.0994
-59.3683
-45.5114
-51.14
-4.60966
92.2872
-56.518
56.4949
92.011
14.68
-74.1914
0.370749
1.0118
-76.3205
33.7809
-22.6585
66.2193
-75.3111
29.6151
69.7391
-78.8875
-27.8065
43.8409
16.1939
-68.5691
-66.1781
34.2703
77.3021
-31.6304
39.9278
58.3965
-43.5561
-66.0078
-85.3633
50.0342
-67.0801
54.6405
-13.2143
85.8643
-46.7426
58.556
-57.2168
-23.8745
85.7055
23.3126
-28.7332
-60.4199
58.2281
-96.3498
-77.0941
30.9258
-23.5174
-33.7417
82.8736
-21.3098
66.3102
-74.0781
88.4139
-29.5879
14.3783
68.8403
63.4634
-12.9249
-30.1686
83.8237
48.916
55.2835
22.4115
-37.0785
-74.8156
-73.3413
-74.7938
50.105
-8.21725
-53.0648
36.7892
70.8473
-75.9647
88.8385
-87.9475
-71.7641
-54.5023
19.8388
-89.2546
62.461
-93.6323
94.8934
34.2159
-52.3566
17.9416
-54.4475
-10.4372
86.6011
2.69979
71.9021
21.8936
24.801
28.878
-94.7999
-58.4501
12.0649
-75.8619
-72.4569
8.52006
77.3199
-27.4814
-40.1578
82.6004
94.0598
59.5745
-10.2559
38.7852
-6.35814
-19.6891
-6.55824
3.5191
79.8535
-72.6012
37.8268
-18.1443
-93.749
-61.4707
-45.0263
-18.2747
44.4586
26.5877
-99.9449
-30.7137
-1.55852
-36.2901
-72.3996
-22.6174
-88.773
53.1064
92.3841
99.8184
-30.0435
-60.1999
8.5649
-59.6766
2.7518
21.604
59.6901
-70.6657
4.7569
14.3254
35.7419
68.9281
-33.5855
48.8149
-19.4433
11.0905
22.9003
22.7852
-92.0673
-31.3021
-65.7213
-15.2309
46.0745
-26.8712
-82.6788
-16.3669
-34.9475
12.7967
6.37204
-87.9517
-77.9736
9.903
-74.5526
-88.1306
83.5954
71.7022
9.86047
69.2651
32.8691
94.6386
-68.1307
-43.3335
19.5913
-87.4228
89.8788
-43.5538
-13.8351
-60.2739
51.8393
34.5478
36.673
-66.3035
84.1871
-99.2363
-64.3696
33.6547
3.49644
-6.60652
-81.2713
-10.9758
30.4093
76.4701
-59.2173
-96.7851
-78.1834
12.2266
-50.9011
-93.992
77.2703
9.48025
-2.59042
87.3217
9.7813
50.6674
-65.5083
-23.9147
93.4076
-39.7221
78.0906
-49.9288
67.9113
41.6958
5.26002
-81.6933
56.4261
-38.4282
51.3253
29.0692
-69.1535
-8.96016
-67.5144
-18.1885
-66.5429
97.0862
-33.286
-29.1347
-35.5699
28.2752
-92.4634
-84.3572
-1.7756
-49.4563
31.7228
-99.6671
-79.826
91.1031
-66.9187
-76.7116
92.1912
-55.9219
-49.0874
-51.3978
9.84569
70.3299
11.5221
80.3993
51.9395
99.658
-24.992
49.1044
53.2627
28.333
-79.5064
72.6721
86.195
-41.7668
95.08
66.1338
-62.0756
53.0418
-93.5322
-24.9126
-61.3705
19.3895
9.8957
55.3968
41.6797
76.7129
98.9322
-0.0453702
49.687
37.9415
-65.7546
-43.4345
82.1706
-20.1384
80.4987
9.67303
-47.3695
-52.8332
-32.8789
-9.42337
33.4209
63.841
8.35925
49.2568
51.7398
-18.65
40.4559
32.2355
-44.7213
-39.7074
90.8583
80.4608
94.848
-18.0084
59.2076
20.4013
-78.0146
-85.3923
-23.3238
-21.8134
11.8218
39.8059
-97.7714
-22.5234
13.138
-46.2829
-67.6759
61.662
-61.6658
29.6309
-85.429
-24.209
-1.34905
-56.7509
-29.3747
78.4298
-12.1699
96.4336
15.3276
-71.3511
-0.0329667
-83.4805
-65.4146
-25.0757
-67.0631
-50.9146
58.2313
-49.8508
9.96274
3.05809
-29.6262
-17.5579
83.1375
13.7264
-19.8954
61.271
-91.3186
-73.9802
93.844
-58.5582
66.1366
-38.7877
96.9844
-33.4263
-83.5211
36.3312
-59.1694
-67.2127
-60.507
74.3653
-81.8509
-50.5949
3.41396
73.5983
19.3405
97.3458
64.5597
37.2862
25.5997
-20.6689
-15.9897
-4.44826
62.7245
-41.0414
-5.13597
-14.1517
-7.19343
31.6129
12.4612
33.5247
30.493
-44.0616
-98.9637
-88.1606
-57.0681
-49.2677
47.6325
-5.36193
84.6123
-49.8691
36.7819
-5.21558
1.27801
67.0133
94.6203
-70.2593
-20.7024
54.1236
-9.10432
27.2642
48.4004
-45.5729
-63.9184
57.5414
-84.549
68.2232
88.9621
89.1926
-24.5642
65.741
-54.2798
72.2859
90.9303
73.8027
50.0208
-16.5085
-19.2585
-27.5885
-59.2148
64.7159
93.1673
-16.6321
44.9927
-16.9799
20.672
97.486
-99.1596
-73.9645
35.5665
-52.6334
36.1487
-70.8014
19.7559
-85.2576
-59.4072
46.5197
91.643
48.0954
-56.9106
67.832
-56.2751
-45.8597
67.169
24.5628
-8.45351
45.0469
-17.4328
-79.5485
-12.8455
-51.5044
26.3685
8.92805
-84.2118
-90.3471
-5.93397
-32.3095
70.7596
-44.2873
40.6664
74.0752
-63.6038
6.18612
45.0583
-52.9346
-52.4507
64.4601
73.5777
-92.268
-2.45756
-28.9495
-66.9914
-37.9345
-69.9258
81.3414
18.3429
65.8662
-57.7315
16.4234
-68.9883
-38.495
-26.2782
-93.0058
-86.9545
54.1188
-39.4258
93.4506
39.565
-69.1139
13.0921
37.7974
-8.23185
-67.6405
-97.5077
61.0987
12.6979
15.1305
45.6906
2.1651
-5.04498
17.0363
45.1244
-30.9622
-93.4086
51.5143
-18.1714
-67.4934
