-73.6924
-8.26997
-56.2082
35.7729
86.9386
3.88327
-93.0856
5.94004
-98.4604
-86.6316
37.3545
86.0873
5.38576
30.7838
40.2381
52.4396
-90.5071
-34.3532
51.2821
-26.9323
96.5101
50.6712
-85.4628
76.9414
-12.7177
-4.45365
-45.0186
-66.6986
79.5313
-87.8871
0.904579
-36.1934
-1.20466
-81.8534
-85.2502
-23.1716
82.7635
-7.11084
-89.9832
54.0409
-74.9269
37.6911
25.9087
45.0824
77.7144
-38.7356
2.65474
69.1963
68.3021
-16.9211
-6.41653
-64.3345
14.331
-93.3892
-0.303976
49.6585
78.1475
68.4079
-57.4497
-73.9145
-45.0824
-17.1413
41.9639
-52.0178
-36.4921
30.4117
36.2692
-22.4549
-70.4934
69.1151
91.0818
-70.3697
-18.2467
12.9797
-2.29709
92.219
-60.0486
25.8538
30.2507
60.6146
-4.71364
-59.3499
80.3347
-71.5958
-17.9374
77.1297
-67.5603
-26.9322
-72.9781
-8.93854
-9.53997
86.3349
-56.9503
81.7844
72.172
1.19118
63.5123
-7.551
26.5477
64.9395
40.4413
90.883
-42.1368
2.88693
-17.1943
75.3131
45.9495
43.1285
41.3071
-96.1815
4.99748
-86.9612
-2.21137
36.4098
83.3268
78.0037
-72.161
97.8725
-10.7953
2.93189
-12.0549
61.33
-57.6962
-69.2791
23.2701
-99.8242
45.467
-16.4553
36.1124
67.284
65.7416
-83.6525
25.9144
-57.2906
-22.2354
89.509
-46.1571
-43.193
56.773
-43.5688
-97.7368
96.6472
63.9452
-20.3713
-64.6239
-68.4538
-48.5663
-79.6725
26.9435
58.954
50.5881
26.686
19.6433
-36.2444
-76.5126
5.22466
17.5978
40.5979
-67.6625
72.0451
11.3672
-36.7985
5.70965
17.6238
-13.8304
-25.9547
-10.6268
-22.4338
-84.3474
-49.2155
35.2474
45.7217
88.9506
88.0326
-7.91317
32.2711
21.1279
-69.9212
-31.2365
4.56154
-97.0099
28.5958
83.5695
94.0173
68.7951
-8.84968
-95.5833
41.39
-12.6723
50.342
39.1358
50.7725
-99.1492
-84.0166
80.6602
49.3358
-98.7317
3.69568
8.80454
-56.8348
25.3723
41.864
-43.9422
-25.6181
-37.9662
-79.2405
55.1761
-88.9442
-67.9452
-40.5956
-4.43914
3.9977
-69.9377
66.7364
15.5552
-33.765
97.3766
-99.6685
-94.1289
-2.06966
47.7917
7.25335
-75.4986
-62.3448
22.8251
-74.8134
90.8057
67.6203
-48.1972
-15.1328
79.5828
52.1235
-9.62975
33.1007
-58.0875
9.39497
-64.8051
-13.6183
37.4829
67.2413
94.6692
-83.9294
53.8875
-49.9689
53.8228
49.8503
36.3332
-92.7265
-55.6665
30.5244
-25.7069
-53.2617
-66.8145
-68.0485
32.3987
89.8314
24.2091
-96.4111
44.3743
-89.2611
3.83497
-86.9287
95.436
-34.1888
48.6548
-65.7241
87.9451
-49.0085
-75.2302
-67.9834
-78.963
-26.2876
-34.5545
15.3552
51.6492
39.9582
87.0483
-27.5833
-8.98552
-51.9119
-15.6843
-42.0467
-56.7228
5.48782
72.7286
42.3129
-23.4357
-8.04745
59.0705
-99.3542
32.9378
-62.6351
-73.1922
89.2089
21.2003
-30.5017
1.93165
66.8677
-34.1131
26.3527
-91.7159
53.413
3.86064
-55.8969
-82.2015
41.2923
-47.6443
-24.3268
-53.4785
-6.1003
95.4477
-93.1514
-93.6722
18.3176
-34.0842
7.30565
-19.2838
93.3819
73.5028
-70.3219
27.9047
86.3829
63.0814
14.5613
89.0501
-68.9172
-31.2773
-80.6923
-95.519
71.3752
34.9049
39.6921
-61.6032
-30.8257
-71.8579
-55.6687
17.2032
-94.7321
52.4688
-84.5351
85.1006
-13.9108
66.2512
20.3275
3.86733
-67.7161
14.8721
6.28546
33.4099
9.74726
33.5931
14.3165
-11.7374
0.454946
-93.6687
4.41269
-92.9881
-78.5639
10.3659
22.2221
54.4061
-2.66377
39.3991
-2.6301
42.09
-44.6706
-43.9793
6.09791
-52.9195
19.4952
84.0505
64.2355
-53.9461
79.9042
30.3029
87.1872
71.7532
90.4862
-75.41
40.4943
-78.4522
-80.0269
-31.0847
51.5242
-33.8483
14.6366
-59.5036
94.8696
-1.63185
60.9825
-68.084
-70.1497
-23.8783
-15.1733
30.2589
-87.9715
79.5314
80.2436
-65.8408
-93.7192
4.44293
-44.5604
17.3724
62.3791
87.9743
15.9725
76.1568
-62.0903
43.7839
-85.4262
75.812
-82.0294
-16.6407
34.9386
62.6094
53.872
79.3048
-2.70586
-24.5031
37.5156
-84.6356
-4.47184
-52.3961
95.1762
36.2398
-27.52
58.8556
-85.2978
-3.22543
-0.0685338
86.5687
-70.7609
-83.9356
-18.3645
92.632
-60.384
-60.7385
15.1358
17.1349
-26.3595
20.0265
-70.2425
99.0801
-19.452
63.9054
-25.1501
-4.04428
29.299
59.807
-28.4656
-33.1386
-71.0205
33.3713
-37.0602
20.4499
84.1659
3.30629
-47.1733
66.7296
26.9239
-8.39083
-68.8254
33.1946
58.9762
-42.2691
-35.8777
43.831
-53.6209
-25.3281
-85.2299
13.2365
-15.4895
-41.3913
-28.4949
17.8838
-7.38826
88.8904
-89.9037
19.1854
72.8343
-79.0841
66.6756
31.7187
-96.2168
-61.0642
4.61449
43.959
67.4164
31.9775
28.6053
6.97524
-35.3142
-11.5259
-44.6665
-76.5524
67.2751
-33.4143
7.19127
85.978
-51.3543
19.3446
-50.6053
-60.7644
67.1994
24.6485
34.3296
74.2568
-76.8787
35.2131
-9.09057
-93.5461
71.0165
32.2851
-88.008
-44.1014
-64.716
79.4489
18.8318
38.1863
13.868
-13.0994
-59.3683
-45.5114
-51.14
-4.60966
92.2872
-56.518
56.4949
92.011
14.68
-74.1914
0.370749
1.0118
-76.3205
33.7809
-22.6585
66.2193
-75.3111
29.6151
69.7391
-78.8875
-27.8065
43.8409
16.1939
-68.5691
-66.1781
34.2703
77.3021
-31.6304
39.9278
58.3965
-43.5561
-66.0078
-85.3633
50.0342
-67.0801
54.6405
-13.2143
85.8643
-46.7426
58.556
-57.2168
-23.8745
85.7055
23.3126
-28.7332
-60.4199
58.2281
-96.3498
-77.0941
30.9258
-23.5174
-33.7417
82.8736
-21.3098
66.3102
-74.0781
88.4139
-29.5879
14.3783
68.8403
63.4634
-12.9249
-30.1686
83.8237
48.916
55.2835
22.4115
-37.0785
-74.8156
-73.3413
-74.7938
50.105
-8.21725
-53.0648
36.7892
70.8473
-75.9647
88.8385
-87.9475
-71.7641
-54.5023
19.8388
-89.2546
62.461
-93.6323
94.8934
34.2159
-52.3566
17.9416
-54.4475
-10.4372
86.6011
2.69979
71.9021
21.8936
24.801
28.878
-94.7999
-58.4501
12.0649
-75.8619
-72.4569
8.52006
77.3199
-27.4814
-40.1578
82.6004
94.0598
59.5745
-10.2559
38.7852
-6.35814
-19.6891
-6.55824
3.5191
79.8535
-72.6012
37.8268
-18.1443
-93.749
-61.4707
-45.0263
-18.2747
44.4586
26.5877
-99.9449
-30.7137
-1.55852
-36.2901
-72.3996
-22.6174
-88.773
53.1064
92.3841
99.8184
-30.0435
-60.1999
8.5649
-59.6766
2.7518
21.604
59.6901
-70.6657
4.7569
14.3254
35.7419
68.9281
-33.5855
48.8149
-19.4433
11.0905
22.9003
22.7852
-92.0673
-31.3021
-65.7213
-15.2309
46.0745
-26.8712
-82.6788
-16.3669
-34.9475
12.7967
6.37204
-87.9517
-77.9736
9.903
-74.5526
-88.1306
83.5954
71.7022
9.86047
69.2651
32.8691
94.6386
-68.1307
-43.3335
19.5913
-87.4228
89.8788
-43.5538
-13.8351
-60.2739
51.8393
34.5478
36.673
-66.3035
84.1871
-99.2363
-64.3696
33.6547
3.49644
-6.60652
-81.2713
-10.9758
30.4093
76.4701
-59.2173
-96.7851
-78.1834
12.2266
-50.9011
-93.992
77.2703
9.48025
-2.59042
87.3217
9.7813
50.6674
-65.5083
-23.9147
93.4076
-39.7221
78.0906
-49.9288
67.9113
41.6958
5.26002
-81.6933
56.4261
-38.4282
51.3253
29.0692
-69.1535
-8.96016
-67.5144
-18.1885
-66.5429
97.0862
-33.286
-29.1347
-35.5699
28.2752
-92.4634
-84.3572
-1.7756
-49.4563
31.7228
-99.6671
-79.826
91.1031
-66.9187
-76.7116
92.1912
-55.9219
-49.0874
-51.3978
9.84569
70.3299
11.5221
80.3993
51.9395
99.658
-24.992
49.1044
53.2627
28.333
-79.5064
72.6721
86.195
-41.7668
95.08
66.1338
-62.0756
53.0418
-93.5322
-24.9126
-61.3705
19.3895
9.8957
55.3968
41.6797
76.7129
98.9322
-0.0453702
49.687
37.9415
-65.7546
-43.4345
82.1706
-20.1384
80.4987
9.67303
-47.3695
-52.8332
-32.8789
-9.42337
33.4209
63.841
8.35925
49.2568
51.7398
-18.65
40.4559
32.2355
-44.7213
-39.7074
90.8583
80.4608
94.848
-18.0084
59.2076
20.4013
-78.0146
-85.3923
-23.3238
-21.8134
11.8218
39.8059
-97.7714
-22.5234
13.138
-46.2829
-67.6759
61.662
-61.6658
29.6309
-85.429
-24.209
-1.34905
-56.7509
-29.3747
78.4298
-12.1699
96.4336
15.3276
-71.3511
-0.0329667
-83.4805
-65.4146
-25.0757
-67.0631
-50.9146
58.2313
-49.8508
9.96274
3.05809
-29.6262
-17.5579
83.1375
13.7264
-19.8954
61.271
-91.3186
-73.9802
93.844
-58.5582
66.1366
-38.7877
96.9844
-33.4263
-83.5211
36.3312
-59.1694
-67.2127
-60.507
74.3653
-81.8509
-50.5949
3.41396
73.5983
19.3405
97.3458
64.5597
37.2862
25.5997
-20.6689
-15.9897
-4.44826
62.7245
-41.0414
-5.13597
-14.1517
-7.19343
31.6129
12.4612
33.5247
30.493
-44.0616
-98.9637
-88.1606
-57.0681
-49.2677
47.6325
-5.36193
84.6123
-49.8691
36.7819
-5.21558
1.27801
67.0133
94.6203
-70.2593
-20.7024
54.1236
-9.10432
27.2642
48.4004
-45.5729
-63.9184
57.5414
-84.549
68.2232
88.9621
89.1926
-24.5642
65.741
-54.2798
72.2859
90.9303
73.8027
50.0208
-16.5085
-19.2585
-27.5885
-59.2148
64.7159
93.1673
-16.6321
44.9927
-16.9799
20.672
97.486
-99.1596
-73.9645
35.5665
-52.6334
36.1487
-70.8014
19.7559
-85.2576
-59.4072
46.5197
91.643
48.0954
-56.9106
67.832
-56.2751
-45.8597
67.169
24.5628
-8.45351
45.0469
-17.4328
-79.5485
-12.8455
-51.5044
26.3685
8.92805
-84.2118
-90.3471
-5.93397
-32.3095
70.7596
-44.2873
40.6664
74.0752
-63.6038
6.18612
45.0583
-52.9346
-52.4507
64.4601
73.5777
-92.268
-2.45756
-28.9495
-66.9914
-37.9345
-69.9258
81.3414
18.3429
65.8662
-57.7315
16.4234
-68.9883
-38.495
-26.2782
-93.0058
-86.9545
54.1188
-39.4258
93.4506
39.565
-69.1139
13.0921
37.7974
-8.23185
-67.6405
-97.5077
61.0987
12.6979
15.1305
45.6906
2.1651
-5.04498
17.0363
45.1244
-30.9622
-93.4086
51.5143
-18.1714
-67.4934
-93.0661
-65.6542
89.4061
64.0184
-33.4723
67.0069
-11.7221
-88.1908
28.8572
-58.2229
37.7701
-26.596
-75.2554
62.6469
8.1111
46.5774
9.93646
41.3639
44.1896
41.0596
-23.5601
-63.1286
-39.1719
40.047
-1.94799
-64.1524
-53.1978
5.53783
-32.2133
34.9222
19.3474
64.1866
-89.6252
-72.2625
71.2122
-95.5498
-44.8833
-80.1651
56.435
59.4765
-96.5544
25.3648
-37.6025
-35.8761
62.8576
47.411
-74.0495
-36.7644
-79.1805
76.7622
23.2253
75.6422
-24.6077
60.7591
29.5746
-87.3864
18.3788
-33.7435
-49.8605
-68.2291
42.9528
-85.6037
-62.8245
-52.4284
-61.4488
-31.1207
-36.5976
96.0282
32.4355
85.7805
57.2474
30.2479
-63.7682
-48.5627
-95.1415
-3.25537
93.5335
77.097
73.8562
-61.6313
-54.8461
63.5892
8.74269
-63.3885
78.729
-44.105
-29.6462
38.6456
-91.3684
-51.1954
14.1356
-29.7808
-42.1441
-35.8512
32.49
86.7855
59.0029
-38.4949
-35.4186
-88.1634
-60.9992
3.17514
8.64502
22.4729
96.2578
28.6443
-61.7387
-65.6638
85.7577
-20.5227
-60.8168
60.265
64.8519
14.1858
-83.1522
-78.1708
48.8228
31.9391
1.36132
-64.8426
-46.3984
-9.07414
91.783
-65.1611
3.15829
19.3241
48.6283
-30.8219
92.5844
-80.09
-79.1184
58.8479
-23.9799
-72.0326
-80.6268
-75.7993
42.6559
15.9152
17.5295
99.0668
-87.0736
-24.8259
-52.3078
96.5761
-73.1773
28.3344
31.1303
-29.7802
75.8681
-65.6827
-3.31461
-80.7985
-75.386
-75.9101
-73.1819
-15.6819
-48.4325
13.9856
-62.5842
-69.1244
20.1224
-80.5673
-31.3407
83.4047
86.2589
-50.9085
60.0064
17.351
62.369
3.28819
31.7731
-23.3087
-61.1099
11.9245
40.3535
-47.2033
-76.5052
-89.7647
-90.5496
58.7951
-43.9776
-55.3623
1.62745
-40.1525
-77.9436
-70.6672
64.478
37.5178
-54.7728
-67.3922
39.8002
-83.5302
-74.5679
-53.1761
71.5391
-26.275
-59.7826
37.9311
52.7248
-97.3715
-52.8802
-63.1575
75.3393
-89.1406
87.3854
77.0972
-35.6156
-64.8841
-67.4574
97.1579
28.7994
87.6727
55.5446
-11.4358
-73.6955
-31.8334
-26.7373
45.0697
54.638
73.2077
-15.9113
31.047
24.7859
-5.36159
53.9569
-47.2508
-82.4161
13.2255
-39.4531
-71.6728
43.9282
50.4447
-87.0933
38.2221
99.2118
16.3655
-95.046
-6.72979
-17.1636
-57.3586
67.0208
-62.9252
63.492
-6.56546
-21.111
-34.8331
82.1658
2.15524
-69.8548
88.4213
0.635462
-1.94559
-44.8563
80.7226
-90.5628
80.4505
7.00231
-38.772
-26.6961
92.0919
31.9027
16.7365
3.3915
-25.618
7.69822
-91.1251
-79.9136
16.055
28.3407
63.2422
26.8462
-66.4143
48.7672
34.0051
47.9455
86.3059
-87.772
-27.4235
-64.8383
-47.0708
12.8226
-3.84968
39.8955
62.6761
-99.593
-85.8819
-99.9987
94.4955
19.235
-37.0378
60.726
-54.4784
-46.6595
-59.5361
29.1603
17.3587
-14.1704
-57.2765
90.6946
-29.2738
-73.2887
-55.8722
-72.6356
36.4993
43.9494
-48.1002
99.4307
-60.6697
-68.7769
-87.7518
23.8244
-29.6251
-28.274
-70.7114
4.17776
72.5984
90.7183
72.0143
81.4513
90.0546
80.3667
-26.4888
-96.6512
-34.5001
16.6041
86.017
74.4762
83.2988
70.9066
-72.7538
-71.2298
25.5414
73.3118
22.1875
5.57457
-26.5671
9.98944
-40.7779
15.5168
-62.5731
54.2638
9.69637
-94.8179
52.7098
-2.9948
56.8767
-94.1528
71.6233
46.0302
-33.5117
-52.0422
62.4007
-79.6643
-61.0695
-53.5727
-59.1815
-86.7853
96.2337
5.48406
-27.0741
-44.6705
-9.64485
-0.757178
86.5749
-10.8462
-45.9308
-69.9535
73.2684
87.3007
83.7205
-92.9984
-65.5587
-43.1036
8.74316
-99.6056
-93.668
22.963
-69.7845
22.1461
-23.5486
-9.42238
45.9904
-71.5488
-78.5372
93.6883
-73.6107
-74.3925
78.5331
21.3861
-92.2342
-53.4265
-66.5461
-86.3371
-3.04263
36.6513
-71.7317
81.4772
-53.8946
-50.2492
-56.1696
30.5909
-54.8603
-81.7294
-98.4188
72.3591
38.2459
-48.4677
89.4343
-43.7429
-60.1819
80.3754
22.104
65.5646
-96.0748
78.0644
28.4108
73.1806
-81.1597
72.255
3.72577
-2.85293
-98.9021
-66.7297
10.7137
95.0914
38.0332
37.919
-45.7704
-15.8209
-53.1369
-15.6995
-79.5521
-13.8492
-7.71332
26.5114
51.5734
-15.4799
13.2394
-13.4353
20.6118
-4.9685
-53.7199
2.96223
95.7636
-14.8948
33.9625
-60.608
56.4579
-61.0516
-70.9014
46.1811
-2.42175
52.9535
-94.3754
31.3758
-78.0538
55.6438
-11.1974
-69.1718
18.7974
66.9889
20.4463
-60.0873
-2.42899
40.035
-18.1859
80.1182
-65.0293
84.7779
11.7814
-2.74241
6.51255
18.6995
-68.3461
43.7081
-18.6046
-97.7977
-88.2655
95.4231
-51.8413
-27.6799
64.1452
-37.0793
-33.2433
29.1311
-26.0757
-69.359
-90.6798
21.5711
13.5501
-16.6516
26.647
39.252
-50.8593
66.2815
29.1719
45.9024
-33.0211
93.0144
18.3988
-94.6392
10.7604
-41.96
-0.500479
-39.5618
-98.5325
50.6632
-14.2727
-98.8711
-9.44876
-12.1753
34.5989
10.3982
-18.5127
-0.868216
-41.0061
72.7063
-33.2046
73.261
-77.9702
-97.1014
74.0777
-81.3196
81.9239
51.5703
69.8717
99.0916
-30.6983
-53.7864
9.87462
-82.1318
-60.2499
85.9479
-1.05195
-27.4639
51.0843
36.1113
-11.3831
10.5602
44.186
39.9182
56.9377
71.7157
58.0189
-7.70809
0.946123
2.34555
-96.6052
-13.2125
87.3734
55.7855
-1.13557
-83.9278
89.005
41.5652
1.8195
-84.1939
-26.5634
-25.5683
-65.1992
-80.8047
91.0068
-22.1849
22.1989
-60.5453
-9.17868
-26.5901
52.4644
-80.4907
38.4062
-55.9154
-64.623
62.2401
-50.7704
13.5653
-47.0517
-10.7051
-89.4167
82.7516
26.1383
95.1576
-29.3087
69.5775
92.223
71.6549
73.5568
-98.6779
-29.3151
25.3723
48.8147
-48.5976
-2.9447
-71.4196
-1.64928
-40.8952
93.5992
14.3469
43.7788
55.0291
46.3165
-17.834
62.6565
4.87774
17.4206
47.257
-45.7136
48.2678
-14.8996
68.9062
-77.3084
36.9121
-42.466
-50.1672
32.3189
-96.1967
-3.56012
-74.9924
-19.0406
-3.55458
-33.3152
-89.9803
-19.9434
21.8638
-14.3171
-14.6332
-80.1335
-4.79593
13.798
-83.7172
-23.9098
27.2201
-61.2491
-88.0691
18.3896
77.1381
63.0517
59.0895
-71.4118
-56.8861
-37.8738
21.7496
94.1043
77.1948
52.1465
-55.7896
-16.6478
-79.2498
-12.0732
56.3172
54.9572
-90.5878
63.2079
12.3118
-84.8451
-46.461
15.7967
28.0309
83.1635
52.4349
1.95054
91.2315
55.9207
90.8032
10.8617
82.1475
-17.6284
-9.02094
46.6847
58.3229
24.2494
10.0135
36.8744
49.8662
19.4784
64.9811
-58.1881
80.1703
-38.8383
-34.6609
-6.94199
-71.8426
64.0252
-44.597
74.2451
57.7408
-53.1531
13.8427
84.066
95.6912
62.9404
72.8496
82.1388
25.9772
66.1244
13.1612
56.0183
5.1858
25.9453
-87.3409
-17.635
33.379
-28.3519
1.90187
25.3159
89.9504
-13.613
-90.3596
42.7176
-73.1331
57.6349
-9.56525
-57.7159
-8.73361
60.7178
-67.3163
98.5731
-22.1913
-31.6661
-58.3101
62.666
-12.8452
-43.2709
-27.2767
2.57854
-32.1444
67.4635
7.03226
-23.0084
-83.2907
-77.8761
-46.4165
11.5577
79.976
80.1888
-52.1063
62.3706
66.2774
-13.6678
48.0308
-56.2404
17.6365
73.5729
36.4382
-10.5017
-64.0424
13.8907
-12.2
-6.97396
-14.8475
-32.9309
83.0983
-73.1091
-70.794
90.5699
-23.2566
84.5943
46.0006
10.7037
73.2369
-61.4783
73.111
-54.9615
83.615
9.3861
-43.8222
59.2583
-41.5595
-56.0256
86.4315
-93.0002
6.78097
19.7677
-7.40197
11.6465
54.6809
-10.5621
13.4202
-41.194
-88.1979
7.00504
67.7491
10.4158
-46.3334
76.68
65.6863
20.2343
76.5439
1.34954
-44.4186
54.1234
-64.7413
-29.4668
39.6771
99.046
20.4682
-73.1838
-22.6465
-56.6569
97.9055
-72.0064
63.8313
72.1657
81.6418
-34.9438
-98.8684
-64.9084
-92.4572
33.9409
39.6445
98.2203
-39.3337
72.3935
-83.0679
-6.66628
95.6101
-0.466127
34.6074
-19.6504
88.7978
-85.2446
-69.2446
55.7351
6.99038
-52.4386
-86.7068
0.191249
-91.1047
-10.3535
-64.4424
22.5632
4.60377
33.6154
7.53928
41.1735
76.6395
81.002
-31.2654
83.1743
9.36263
98.8839
52.0198
-40.0892
70.3842
-57.5681
87.8632
89.9556
-68.9957
30.1868
-9.86087
45.0051
-46.4123
-5.41234
66.4307
89.8902
17.2782
17.6375
-78.5847
36.9703
49.8269
71.9321
47.5609
-44.8247
-29.9264
-95.4647
-2.54479
-34.8093
-26.2432
14.8662
62.8563
-18.0491
-48.7063
31.9511
-86.067
-4.73838
69.8166
-28.2653
-18.296
19.1483
74.5952
-87.5563
-71.3404
59.7287
-64.38
21.2219
-80.5727
-88.7961
78.1013
41.8399
-82.9496
51.1567
89.5699
-24.2324
-16.4883
-14.3695
-90.6555
-9.79797
-77.801
53.9974
57.0156
4.24519
28.318
14.8015
-99.2176
22.5503
81.7899
72.0073
-5.10944
45.7847
-97.1062
-79.8236
-54.0151
-82.8174
-89.6771
-62.974
-28.4871
-31.6535
-66.0583
96.0735
-6.11223
-55.1433
-35.8618
52.3455
53.0397
8.21161
-21.6955
98.0416
-50.3121
13.6397
-49.1845
26.5686
-4.44526
-65.3013
64.2876
41.0199
16.0743
-71.4695
-20.1495
90.9069
-39.7912
-30.1391
99.1053
20.7949
56.7703
35.0014
50.0385
-50.6541
91.4631
-71.7491
3.02292
89.5411
22.1983
-91.1201
62.4825
42.8143
-2.94545
-26.0248
-46.4223
71.3944
-65.5997
46.1357
97.9877
41.8139
98.3244
-45.7858
-47.4517
79.0109
-79.2565
-26.5616
67.5137
46.1722
92.5851
42.1953
21.357
87.8236
-45.2161
-79.3492
14.6589
-40.2861
-74.7485
-17.5657
-69.202
-13.1576
-42.5396
-66.2894
5.00621
-79.8975
-61.0973
-90.5935
40.681
-65.3029
54.7142
49.4045
-25.2496
-28.3632
-79.4694
-77.9315
-23.8487
-57.7558
-42.0786
-51.8922
2.62404
-85.951
9.49555
86.9733
81.0369
71.3951
-40.0987
64.6838
21.3711
-25.554
-55.7289
49.7273
66.2068
43.3667
-98.5637
-82.794
80.1106
20.7882
-96.2065
-7.79686
-0.37913
87.1074
58.1663
-86.0491
-41.4239
78.7938
34.9798
-30.8026
9.94144
-66.9094
54.6894
-29.6998
-67.8768
25.9732
-44.1702
98.3634
92.1381
3.28433
63.0577
70.8057
-29.5687
-88.0032
-10.2701
7.59322
15.9457
-37.9903
-20.9068
-39.2506
-16.6447
41.7236
68.9011
24.4332
14.6458
-20.5076
90.6774
-16.4365
58.7055
-58.9171
-47.3067
-2.39743
98.2486
8.00394
49.3798
2.50932
-51.1286
62.2346
-23.6725
-59.8861
86.2881
95.8794
-3.43878
10.4606
30.8154
-69.7853
76.0557
98.318
5.09149
56.4789
-80.4988
-58.2216
-50.7236
-67.918
89.499
87.8881
40.475
-93.3944
45.3816
-12.9168
-82.4898
90.797
60.2438
96.4298
-24.0397
81.6004
99.0962
11.0595
-55.6833
-17.9118
99.1963
-89.3897
-54.8843
74.9527
60.3767
-70.198
-2.81284
89.4355
-19.7429
-24.9802
-21.1193
-2.38827
19.6082
-64.1491
60.9626
54.4609
-21.472
-26.4813
-71.6768
88.4197
25.0837
85.3249
-82.596
52.8593
23.8022
-75.0124
12.9073
-33.2708
-55.9562
-52.7797
59.9172
33.5116
51.6605
-58.3064
-88.8952
-52.2859
-1.00472
56.3998
-13.4671
81.3233
81.5111
99.5847
-6.57317
59.8766
-92.9958
-41.3639
49.6417
49.2433
40.6622
-1.84764
2.41564
-12.8868
-37.4656
-82.4433
22.5579
64.9914
-58.7871
34.6807
-26.9143
-77.9695
-84.1817
40.6193
-26.9929
-83.2973
85.9139
-82.3842
-40.3287
-85.6481
95.6439
38.1921
38.6534
-54.0251
-14.9071
15.7474
22.4878
-30.8204
-21.3158
-58.0375
44.2617
-79.5185
47.0873
-9.63183
74.4092
-94.8054
83.4689
-21.7565
7.89876
14.2457
7.00238
44.6677
11.4132
-8.49135
-46.5298
42.715
-50.1684
42.6534
61.7466
37.429
-80.8416
96.9347
30.3308
-88.999
91.3661
-71.8732
-13.0002
-7.69723
-32.917
-23.9169
70.8771
14.4485
-22.8729
8.67962
-89.1123
-25.9376
75.3722
-35.9811
-89.6375
-89.4703
-21.2683
57.5518
-10.5358
-20.0557
-37.8316
-42.864
68.5794
-93.8992
-83.0818
-40.3293
97.8162
-78.7124
18.2418
61.7913
72.1103
8.81429
34.1448
82.424
64.8461
-82.6405
-3.7187
-63.9835
74.0645
-83.1565
69.5048
47.5603
71.4286
-88.5966
47.185
61.9704
11.3549
-73.3632
16.8437
-50.3931
51.2907
-75.1927
95.1521
50.8548
57.1385
-85.6447
35.8679
-53.7672
-10.0744
52.4435
-57.0832
41.7743
-30.1405
-93.4071
56.4329
47.2314
-59.5094
4.12444
12.0159
-77.2381
74.5471
-38.4126
-58.7667
31.0176
-44.2932
63.9101
53.895
-21.1719
29.4973
-78.0986
-4.0938
64.4527
93.467
-6.55613
-88.4588
-99.6881
13.8517
39.7284
-77.2912
-13.3187
-28.5485
86.9308
-96.2228
67.5849
-97.6799
-67.8302
-71.0071
36.4221
44.7225
-37.2124
95.4026
-87.0296
33.6348
14.73
-59.0632
93.3663
72.0395
-6.01703
77.024
-14.8694
-91.0057
2.95403
57.3126
-51.2276
-68.0149
96.7762
-55.2381
-32.8811
4.11971
2.99702
52.5344
-65.0594
23.7689
63.8386
76.1877
42.907
45.53
5.06429
92.1188
-84.3243
-1.54401
75.8018
41.6615
2.50614
-27.6013
87.8226
64.7869
70.4988
17.0814
38.377
13.2127
38.3587
-4.76299
-96.9001
-63.6878
-68.171
-17.7324
-49.0339
-1.06922
88.9018
15.4104
63.3842
8.44234
-78.7391
-48.8519
-88.5805
62.9255
90.5622
-1.83475
47.6269
12.2139
20.0977
-59.1334
-20.9327
74.2556
55.2276
28.1308
4.99275
47.2694
-22.9126
9.73794
73.0692
16.1464
-66.766
23.968
45.1592
-59.9084
43.0216
55.227
-47.2762
-38.0036
21.5318
-83.8836
35.3163
40.3126
75.6759
95.7196
86.6795
-82.8822
-90.8464
-11.051
91.2127
-43.4054
-58.3728
-56.0943
77.9707
23.5596
-18.9163
-84.91
47.4522
15.0585
-91.5264
-31.052
8.70008
86.6853
84.9087
85.1419
43.084
-87.8685
-92.3307
-26.4481
94.9464
24.6718
27.3341
94.8314
-54.5952
-61.7198
-56.4526
-71.9336
54.9404
-53.8451
-51.519
25.763
-53.033
-15.9643
4.13598
33.784
59.5323
72.7762
17.9185
-21.8763
-37.1189
-1.6732
-68.2971
91.9312
-2.10382
-74.9633
42.6057
-39.6974
-84.4719
8.30326
82.8477
-43.164
26.7777
29.7984
-14.6243
-55.696
77.8305
54.4898
-23.3518
-57.4767
38.0393
42.8912
45.6681
28.3366
26.102
-32.7168
-10.601
-22.5767
-18.5656
73.2093
98.5795
75.3235
-94.6331
53.9957
-35.303
84.6851
-7.95288
90.3239
-33.6045
-37.5109
66.9653
-12.9363
-20.3487
-6.48608
-0.361018
75.6848
-53.2225
-24.705
-62.4884
-54.08
38.6546
58.3507
4.90125
-44.417
96.8862
-67.6979
45.673
26.1631
64.6522
46.7724
-62.6687
-54.9621
-1.07015
7.93892
91.0969
1.88911
-84.3972
-60.4523
76.6531
70.9148
51.6394
-82.7156
-85.7831
-37.4797
-69.4661
-56.6712
64.6989
-98.5498
-35.2296
68.5937
-55.6187
53.2523
65.944
24.1659
-41.8645
-80.639
56.0107
19.6569
-6.36668
56.1991
25.2124
23.4174
-91.7351
20.503
53.2129
-49.9082
-77.4746
-41.5869
-91.557
-17.7558
-2.59283
68.9641
18.6379
-45.5015
-56.2875
93.0072
-91.1663
62.9165
19.209
70.3874
-1.61598
84.3367
-27.9573
16.4673
94.6338
-86.1837
-39.3995
-56.0976
-53.7386
82.1584
-67.9642
-21.6912
48.8895
-44.8618
29.9051
-14.7806
-77.2054
-99.1204
-66.3645
97.016
50.782
-79.8602
-86.5256
-96.486
87.4853
41.3939
-76.9023
-16.588
77.0396
89.0089
-16.7214
-94.1896
-63.9966
-16.3922
87.2053
-79.0963
-17.6743
-63.4291
52.134
87.3878
-57.0039
29.1972
-88.3438
72.0901
54.5258
31.8245
39.8312
89.6854
35.9157
-84.9057
41.0803
98.6467
-66.1917
69.9706
-24.0374
73.5817
-83.1371
30.7872
-73.4042
-80.0157
29.5407
38.0569
49.8929
-18.4142
81.0451
79.0903
23.2315
-12.5225
86.6925
-7.7159
-72.2268
83.264
-84.613
34.4469
82.6045
63.6074
38.918
-72.0288
38.151
-88.3361
81.424
64.4958
44.7949
7.73154
-84.0864
-16.3024
5.39196
-75.1049
-91.9055
75.0464
-85.6667
66.8634
-39.1402
66.1473
-75.1159
-55.6776
52.0875
-31.1662
18.7731
-74.7089
32.0454
-15.1241
-15.7684
54.6484
-88.6087
13.0165
-82.1426
-7.34277
94.3368
-83.326
73.4733
-25.656
30.7361
-36.2873
1.93941
33.4902
-20.6343
62.903
82.2931
-33.1518
20.4172
-35.6163
-63.1391
-51.4985
25.2969
-46.1753
-82.3336
21.2215
93.5761
-9.27565
13.4948
-81.1395
-88.5905
52.1571
-46.5911
55.5123
5.87569
-0.173636
18.5581
42.5632
-86.045
-58.15
97.8608
-52.058
6.48278
-96.7011
90.3179
79.5792
98.2105
30.2784
-87.5937
-52.7566
-60.4043
-95.8954
-29.5752
-4.94387
74.6648
41.5196
71.9611
-3.11139
-6.52554
55.7775
-52.274
-41.5862
80.0088
78.6497
56.9168
94.8104
-52.8719
82.1566
-68.4661
-99.7957
-51.039
-23.5391
-35.729
-62.9874
-80.956
-72.6597
95.7715
92.2997
31.9299
-69.0161
-62.1711
-82.5978
-65.3478
-3.90988
18.7973
15.7312
-36.6587
33.932
-89.0159
73.0974
-14.813
63.5481
49.9901
74.6343
-61.4317
13.0365
14.4943
89.3993
47.4466
47.2302
-55.1872
-90.4999
38.0622
72.2505
1.93304
48.8507
-85.238
52.9075
43.8841
45.5749
-40.2217
94.4886
75.8176
98.8996
-41.7745
-2.6987
-10.0895
50.9743
-86.4765
-87.0829
41.8962
-15.9709
93.0699
7.99318
43.1028
27.9992
-75.1002
38.4347
-97.3038
25.8252
-34.7361
15.5294
11.4167
-8.80774
-29.0035
66.282
71.9464
30.3421
-1.92831
-67.0779
-79.0415
35.1766
36.277
-44.1207
-66.1384
-0.359067
-86.2131
-76.0899
39.1184
37.5835
-38.6003
-22.2795
87.8362
24.9512
4.82463
-87.6124
-39.4513
30.2367
36.1982
61.9691
74.4106
-62.6409
-16.6213
37.75
-37.2533
-32.1437
-98.4519
73.8667
35.2485
91.7561
85.5754
-34.4506
-42.9802
46.1809
24.236
46.6149
90.6395
-42.504
68.5789
63.0136
18.2196
-7.33225
17.2803
-77.6062
35.9904
99.0227
99.9924
-67.0416
-97.0568
89.5772
62.9165
68.6272
29.6108
94.2165
76.8738
24.3365
-50.468
-27.0573
-65.2533
-22.7692
15.1589
-55.0196
-53.579
90.9826
13.1445
-70.4021
-2.32419
66.1723
39.155
53.5524
-92.9862
2.63128
-20.1046
31.025
61.7248
-19.8136
-87.5279
-2.87533
-50.6647
19.8146
-32.6915
-48.2006
1.16838
-16.7604
-12.6878
63.2994
53.3288
-20.9033
-8.49842
88.1433
-19.6155
8.93833
2.31383
-8.26607
-96.3203
60.7599
17.2629
93.4955
-98.0572
-67.3987
3.0335
-66.3692
34.3747
-27.3292
52.5697
-90.5016
4.9966
17.2361
-59.991
-78.1625
-64.4905
52.106
88.1798
80.525
90.4989
36.4239
-90.9367
-49.9963
-29.6315
76.0879
77.8096
-92.667
14.3363
-28.8081
-48.6903
-12.6375
-28.0912
-65.3041
-73.9966
6.48164
-65.064
-88.1528
-10.2028
-21.9162
-8.15159
11.2058
-97.5573
38.4257
-10.186
76.9454
50.5924
-16.4539
77.6612
-5.03624
2.55352
90.04
69.5447
10.3223
-75.4776
-58.2998
98.9039
48.882
-4.57102
24.0985
-33.9705
-34.3868
1.67556
-30.0432
-25.9717
-67.6092
41.8555
-50.036
70.0191
-75.896
8.29784
-17.6319
40.7825
70.0285
-36.7623
-32.601
32.862
-16.0399
-4.31765
86.7731
-85.1194
42.6127
-95.2727
4.01437
-48.8164
25.6797
-32.4885
23.9201
-79.8086
60.8174
84.2299
-51.9877
64.413
-53.4852
-89.4325
-30.6114
-51.5367
55.01
77.4205
91.5956
-85.7058
89.2185
92.9293
-0.516286
41.7575
81.3895
-99.9575
1.77793
85.4691
-78.7822
72.1049
91.2363
-96.8345
88.5769
-13.8166
22.6169
2.27992
-58.4609
59.7232
71.7707
-32.5547
91.5059
-78.8548
26.0848
-35.345
-40.5909
49.4808
70.5294
-2.53987
82.8433
80.081
19.3392
40.9572
3.41378
47.397
-3.07046
91.5162
-48.7669
71.9512
-76.8865
20.6675
-92.1445
20.9726
34.8839
-10.0174
74.2025
-19.4314
-81.4805
91.5672
99.1387
93.2366
0.788056
78.9266
-65.8261
54.4088
46.2373
64.9071
-3.202
-34.7291
89.0583
-73.8722
98.3997
-59.6047
-0.778152
-80.6333
20.2919
57.1497
-79.893
-42.5191
-41.6303
-71.7954
-13.4663
1.97578
-70.9552
16.3603
96.3226
12.6465
-10.2341
-55.1108
12.6803
-63.2176
58.4453
-87.4252
-17.5492
70.5315
-55.804
96.0726
8.77077
-40.3065
0.504922
83.7531
-70.9389
-23.8175
47.8987
82.1598
-62.245
23.1954
-0.694537
28.7586
80.0902
75.1896
19.0785
-77.5539
89.3211
-55.2281
94.8292
99.0693
14.7927
86.0735
-24.073
81.6502
-5.87717
-90.3055
-40.2366
-68.6859
55.6172
38.4069
-94.3596
-24.5055
-27.3761
74.9751
59.3678
2.66814
-14.9464
-59.1325
-4.92226
-4.28517
63.3432
-80.5279
-60.6838
-31.6818
-75.0638
-84.0475
-18.012
14.4163
-38.3691
72.6792
96.0227
-72.8739
92.5486
-3.45318
8.81046
-43.2417
-47.2306
26.2079
27.4304
-61.7705
-1.51139
29.0862
27.7939
-23.4426
84.0519
-36.4579
48.631
-55.8386
71.0462
-37.4745
86.7941
-26.8951
73.4465
-4.44271
-16.6757
-36.7911
-90.1493
48.3461
29.2855
-51.4271
-68.7927
-39.134
63.5431
-7.53998
93.9861
83.5235
81.5573
78.9243
59.5163
-9.65595
64.2118
-12.2286
-57.9217
94.0498
93.8449
12.1882
89.2222
-24.3664
71.5413
-9.13121
61.9972
-4.22781
30.7105
63.7308
-26.9976
-29.5534
18.7277
80.0175
-61.0458
10.0089
-72.7888
57.2845
-94.6049
-28.9532
-59.9309
94.9439
31.2327
-92.4086
33.515
-17.5686
-59.6822
-47.5778
-37.3891
-91.444
-40.9866
53.3455
-57.7837
-57.0648
9.39342
3.11785
61.9546
-86.7177
59.9802
30.9821
97.3965
-69.6859
65.1706
-47.1888
28.2543
33.0462
-56.6589
40.0648
58.5699
10.33
89.512
-97.7626
23.2541
-52.9771
68.9508
28.131
-62.9501
65.1185
29.9048
-52.5874
-21.1735
39.0369
-5.94088
72.44
-91.1156
5.40395
-77.5294
-22.3969
-29.7709
19.8504
64.4329
53.7872
92.1154
-56.5553
60.3766
1.70511
-4.614
-34.5116
-51.698
-99.9992
36.2556
72.8112
6.9718
84.5843
6.10933
-46.5106
63.6005
-4.65585
6.779
-32.3046
-56.8705
69.8271
-51.2115
60.5322
-83.8494
1.23334
79.0037
17.5035
97.8207
26.8153
43.8099
-23.6071
-34.8486
-0.0282304
-12.6373
65.0772
8.80845
65.9722
-89.47
42.1516
-16.9147
-9.37085
-98.69
22.7716
-52.3005
-47.2746
6.32323
-10.1299
70.8071
24.9431
87.5887
-35.842
-7.50556
-74.2434
80.1734
79.182
54.6892
72.6837
-23.2619
-49.3875
10.26
84.2284
-63.5442
-82.0754
51.7676
87.4585
-89.5387
63.6143
-0.810214
-25.6527
74.4886
-95.9148
-16.4706
-65.5447
86.787
-58.4071
45.062
-39.6998
53.8333
-7.84934
-61.5616
90.9091
38.2385
9.12805
-56.5066
72.113
12.9205
-67.3323
-7.97694
-67.8151
85.561
69.5111
45.7884
12.4624
30.8354
-21.941
42.0923
27.4157
24.3669
68.1925
26.4638
-54.7004
-14.5591
-1.56717
17.6009
-14.3797
23.5823
99.9323
-50.2956
-12.3612
19.6673
72.0259
-32.4539
1.16126
60.1549
-49.9156
-5.03912
-54.0615
77.3761
-89.6757
93.8839
4.04735
62.101
23.5541
-71.6107
-94.6818
74.3352
65.1669
-97.1228
-21.9534
-56.1216
-70.7489
-67.3161
33.2705
73.023
-26.2687
-50.1557
55.5822
-69.7779
41.5706
-88.2477
-58.7237
40.1407
-67.4358
1.04069
-45.9494
65.4365
-86.8571
-71.6013
-37.4424
72.7859
-6.86135
52.7685
27.7119
57.626
-47.9041
68.9684
-94.7722
67.2592
11.068
79.8964
-91.4186
70.0126
-37.0059
-5.23436
-1.7143
-77.7879
-67.9521
-14.3871
-45.5988
90.873
-82.0969
64.026
-59.48
59.4083
21.374
-84.5607
-62.1787
-83.905
26.0971
78.8223
84.7825
72.5832
-22.5128
63.9344
-71.3742
-84.4725
50.3949
-55.481
39.4122
-33.8764
-81.5998
-36.5143
-52.682
-90.8966
13.1286
-74.4683
-27.7122
-31.9755
17.1419
75.6667
26.2806
32.128
88.6489
-25.2357
-17.7419
-67.5222
-19.0766
8.48002
-46.3092
95.7737
-54.3452
32.4086
43.7804
-70.7579
-73.4729
-59.0408
-19.5796
15.2533
87.2696
-13.2815
-87.3038
-87.683
51.467
-0.765137
-52.0698
-91.9809
78.8239
-82.6024
50.0453
38.2024
4.86502
95.0573
-36.7989
-57.1535
38.9617
24.1757
61.2085
-36.8054
-58.4723
-56.9898
-49.0453
73.772
83.0929
52.1621
-41.9889
-61.5585
37.4267
19.1316
83.9168
12.2441
19.9768
-61.2902
-89.6708
-3.3721
95.2587
-19.1527
73.95
-52.5758
85.9112
99.4706
-92.834
94.1075
-50.2427
-1.67891
56.8737
-54.8846
-14.218
-10.0155
-75.9837
-51.4225
76.3183
40.3353
-4.53704
73.1109
34.5967
43.611
-38.2921
-55.1462
95.4298
52.8998
31.2843
-70.2783
-77.5926
-25.1479
-30.2375
-73.9303
-30.5924
74.3724
22.5026
-81.2345
-77.5456
93.0187
4.38176
83.4397
-91.0479
-61.4676
-61.7407
-11.8114
-86.6261
-82.7051
-69.6339
30.0251
38.3328
-78.225
-95.469
-7.01508
-48.1434
29.5279
-85.6954
-54.4923
-38.7934
-36.2282
16.3426
-94.9008
-47.0281
-2.1348
68.7631
89.9184
61.1749
-62.2252
-88.0195
-54.4017
-43.2225
71.9344
43.2959
-55.95
20.7235
-25.6478
91.3592
-75.2381
-51.7731
10.9857
67.4149
-93.3927
66.9106
2.1871
-43.9296
64.2877
-61.5013
8.16609
-61.4074
-20.0343
-11.4451
15.1988
-70.78
14.0666
61.1199
45.7596
-58.0488
-1.59271
-14.2317
-16.2259
5.66932
19.8015
-64.208
72.448
91.0039
74.8412
-88.745
10.8542
15.4001
5.7375
13.81
-24.6302
-8.39597
80.7703
-1.14327
97.2162
87.9718
85.9906
69.62
83.0712
-48.1047
40.5746
-73.6987
-78.0883
-81.1818
-23.8017
28.6477
-4.88558
85.9142
-29.7376
37.1056
29.272
90.1979
-93.0474
-54.2849
37.5536
63.5165
-65.1116
-65.3225
16.9428
-72.3957
49.4514
98.4786
-18.7286
91.6347
-79.8076
16.0797
51.4951
-65.1206
27.8764
2.27732
60.5249
-65.1425
-88.4441
82.0111
56.9796
-48.4287
45.0821
50.4369
32.7831
-76.204
88.5307
97.4782
22.5937
97.1634
40.3464
72.2483
-68.2076
-52.2948
-99.2222
90.0205
54.3271
9.14413
12.093
-83.2228
-9.42464
93.1046
99.361
-87.4684
-36.7826
61.7653
-2.04613
-99.9193
-13.6521
-51.5319
-38.8051
25.4808
-94.646
11.5997
-32.0727
50.3135
-65.6094
0.820417
29.0514
83.7421
42.0219
28.6007
82.4034
-43.0088
-11.3359
-66.3057
-80.7232
-33.4617
96.8135
13.8595
-38.3061
-27.5042
-1.29882
35.073
-48.6744
-75.8512
31.3363
-37.2056
-83.3335
-53.8472
-5.51833
-97.0699
59.6936
36.5067
70.663
-2.91967
58.0727
36.9526
35.6679
95.7298
74.2311
-82.5414
-38.1964
-48.5103
16.6415
-72.4443
-79.7148
64.2423
-31.6748
-62.4897
31.5296
-30.001
37.7554
-58.7206
97.9696
14.5916
98.589
83.2825
-92.1126
-48.5664
67.5058
-1.45651
73.4223
-39.1396
-21.9216
-39.1617
60.9257
-32.8859
87.6121
84.3898
-46.2601
96.906
-33.9616
-23.9196
11.9662
-67.3474
28.5731
-14.6021
94.4711
-73.983
-8.99223
-6.20882
2.83482
-68.7543
45.7989
28.6116
98.3401
85.8579
20.5385
67.2478
-84.0983
55.2788
-12.6021
-84.777
77.6963
93.6954
-42.7932
43.8274
9.32049
-3.10648
-72.0874
62.7685
53.3866
-92.0116
81.9036
4.8768
-14.7498
53.649
-83.1965
66.709
63.013
22.6048
85.9919
97.9994
-82.1011
-46.8569
-15.1235
29.0206
87.9353
23.2438
42.1478
-85.092
-62.2213
69.3659
56.5133
-0.179675
36.5214
67.6524
51.2267
24.2017
0.386259
-43.571
75.3535
-48.8082
60.2392
69.443
29.6766
-70.1852
-99.9815
-73.8597
99.967
-80.074
50.6111
53.6117
-56.517
-70.3624
-40.1505
78.4205
2.94438
-26.2658
-35.3825
-67.1148
88.1037
13.2747
50.1928
96.6108
94.229
62.9756
41.883
76.0235
-29.0464
21.0853
-20.3166
3.55468
29.9432
-85.222
-42.4193
3.95383
-87.1133
-11.8119
-66.6377
-64.1035
1.28149
-92.7814
-91.1752
-21.6435
10.9066
80.2674
91.3972
32.0106
95.0032
4.45114
-33.6682
-95.0608
-23.0761
32.3045
-44.6061
-65.6392
-93.0336
83.9139
92.1029
12.4604
-59.6379
50.0787
-6.05388
23.6988
-26.8994
23.4496
-42.5989
39.4837
-96.8974
12.7031
24.4563
-63.521
99.7053
-53.3093
22.2883
-99.366
11.5887
-15.8274
-97.5488
95.9522
-97.7525
91.4674
-55.1855
3.13878
96.305
84.8114
-38.3495
-73.1829
-65.0883
-20.2596
74.1062
-1.69958
15.5354
-9.43078
56.1254
-22.1161
-54.4503
-55.8284
-0.411244
-69.067
68.3581
-93.9179
-18.1686
9.34811
77.1135
89.766
24.228
24.5993
53.0421
15.4832
7.08972
-27.9446
-26.9727
8.54125
-0.54802
-5.88933
58.3589
-80.9221
42.8692
-61.5121
-96.7721
-3.39869
34.9406
74.8544
16.8269
-99.4549
-52.3242
16.8589
25.8261
1.18801
-19.7546
79.8219
60.2889
49.0918
-58.1896
-44.3304
60.5972
-64.3678
33.5998
-65.2704
54.1509
88.877
20.2338
-75.9089
-31.2829
13.9293
29.6025
-21.9747
-59.2598
-98.0249
-10.6173
-72.4766
-89.3365
17.5162
-96.8956
-10.2184
-79.1916
48.4566
-19.0097
50.6356
-11.1218
95.7383
95.8592
65.4522
-42.7197
72.9125
84.5454
18.2105
-3.3414
-55.4498
44.2158
-76.9322
35.6227
9.75935
33.496
46.9313
-99.8848
-64.1763
94.7257
-34.9186
19.7445
56.2752
59.8988
86.8134
86.0826
87.0013
26.6226
-74.0174
-29.3638
73.7585
-36.7247
-36.4512
17.1421
30.5905
79.0108
33.7251
-84.8132
7.78632
-67.7595
90.4458
18.2716
-82.6867
20.3826
-73.224
38.6091
6.54546
-99.9565
-68.0849
-63.6064
-24.7155
-10.4193
-12.8472
8.63573
33.1389
92.2857
42.5424
-99.0238
-84.4464
98.0687
10.5569
-27.1942
69.133
55.2658
-0.262138
20.0796
49.6303
-80.7454
-42.325
-69.0473
-57.8343
-44.3845
-8.52565
0.760125
84.5484
-51.119
19.6619
-74.1182
63.3771
-20.4983
88.595
35.8218
-20.3189
20.7826
88.9807
-98.2557
98.9726
-23.7696
3.86616
-32.951
-21.0087
75.6053
-80.4353
-65.3429
56.7483
-57.9646
29.878
-98.8979
-67.1581
65.2228
-97.2804
-89.0093
35.5274
-62.5982
23.9206
3.80037
-43.8058
76.2816
-61.9575
-98.2381
92.9424
-17.4106
-13.6908
-63.8987
10.5156
72.7868
-87.4975
55.5938
-4.46625
48.2901
56.1697
90.9369
57.2225
-48.4373
77.1827
-20.3539
3.23215
90.9771
63.353
-76.36
-16.9437
29.5209
-9.51195
10.4428
-16.9146
-47.3212
-99.6495
-82.3464
35.9577
43.1857
11.9776
-58.3672
68.397
16.6223
34.7671
76.5739
24.0638
94.3314
-93.1712
23.486
42.9457
20.1904
-12.6037
42.9557
-35.3137
-16.9873
-44.0609
-30.3007
4.43109
43.9441
63.3385
19.1932
-25.4956
-68.4596
49.8465
4.22936
-30.1713
2.04613
-67.7609
-42.0503
-89.7335
19.2402
-49.9529
-54.8487
-33.8977
97.4692
11.1192
62.4491
37.2708
23.0917
31.5399
-12.5632
-50.0314
-1.96812
-11.3525
-96.8802
50.917
-95.3728
-52.4434
-57.2185
77.7947
-86.4222
-27.9011
2.12705
16.6039
51.5448
-81.962
78.5058
-44.2065
-59.2595
-37.7331
-27.6738
-30.4135
25.7477
-85.2206
-30.6878
-98.592
78.2454
-93.5293
-27.8633
-27.5113
68.3529
88.2416
-75.5966
9.58367
-44.3095
-74.7472
2.61173
-86.7549
21.7761
-27.2969
-26.4972
57.3589
92.9768
25.446
-54.6827
-44.1189
-46.2797
-25.8692
34.8339
71.8138
14.0997
85.7449
-10.4787
-25.0922
42.8655
-16.4324
-81.2876
35.527
45.6598
-42.1902
78.0838
-90.1679
-65.751
28.29
61.189
-55.22
-83.8871
38.8297
47.0229
43.86
52.6137
20.5742
55.4945
-50.8196
-21.9014
-60.5803
-93.8713
-27.2609
9.3223
58.2813
-76.4956
49.2441
-94.6037
-31.3296
1.8941
-82.992
-1.75979
-83.5471
11.2113
-4.58518
12.2634
84.7188
-31.5696
-43.4467
36.5344
77.4847
71.0865
96.5777
-90.2932
-67.6859
60.1028
77.9851
93.6719
-3.50935
73.5762
18.4352
-48.7467
55.9192
-7.63384
-30.585
-7.02839
-9.21457
46.3993
38.6043
24.4598
-49.936
-92.0792
15.6044
77.4963
43.5053
-44.2287
44.7527
68.8354
2.94288
27.1302
20.9833
91.5175
66.4931
1.73712
-81.2099
-66.5534
96.2274
-89.7723
-82.6475
27.0442
45.4485
-65.7061
-31.348
-4.6827
58.3664
97.3806
-46.75
41.6773
2.92483
95.9978
-6.98955
21.7085
-86.0197
69.9849
10.1076
42.9022
23.6544
-43.7564
-47.1416
-10.9051
76.4842
71.8182
23.7816
-27.8372
6.26111
-56.2984
-23.7116
94.3196
-8.73328
-15.9148
32.9275
-21.4455
50.6223
-65.0171
46.7304
43.4366
3.99222
30.1395
97.5542
97.977
-91.7966
-86.1756
-56.5855
-76.4958
39.5155
69.3931
-71.8817
19.4132
35.7709
73.4423
-16.1076
-57.9667
93.0458
74.8417
-84.6843
2.52305
4.25597
-92.8074
97.6751
-94.7235
-31.6213
31.3137
98.8883
28.6185
-89.7802
91.2704
-95.9202
-63.3967
-55.3612
25.352
68.4626
89.9644
13.9315
-14.4524
68.0588
76.124
-33.9997
59.1031
29.1867
98.6351
-52.8247
-94.1712
59.6598
-36.661
-77.4937
21.3491
96.9455
86.0948
-73.6188
43.8195
17.1911
71.1684
-9.99764
-70.5835
-74.4721
44.163
-59.5362
-93.6188
-42.0395
-27.6444
1.44704
53.3535
-80.4941
-64.8059
94.2264
81.4922
-54.3711
11.9435
24.5772
42.058
-68.5439
16.674
-45.6927
75.9114
-6.10266
51.1641
19.8808
-65.0734
5.12085
-49.5235
-78.3698
-23.3073
-48.9967
-94.7158
-25.7282
-15.5653
16.8466
-50.3908
76.7741
62.261
84.6059
-96.6457
-2.34502
-45.3989
-72.976
-34.6439
-47.5446
2.45727
-18.3105
13.6067
66.1368
38.7775
45.8194
-83.6538
-61.1612
-9.79259
41.341
-43.7282
-69.5864
86.0486
4.7306
70.9807
-18.4804
-91.7157
34.3316
34.0618
53.5819
39.4813
-35.0812
-46.2142
3.30368
-84.4688
-37.2212
83.509
94.6781
56.6867
-97.5011
-77.2533
79.2652
-64.2726
97.9305
42.8901
1.57937
-1.08759
-3.30437
-81.1535
-88.2634
39.2749
51.4104
45.1689
-33.8812
97.2191
24.8297
-87.4728
-63.4939
42.0683
-23.2345
-8.08784
-65.5974
-94.497
-48.966
-30.4468
-65.6003
-48.0715
-94.5227
34.1288
76.6561
-95.1302
74.3621
25.673
-40.0262
30.4611
-65.9203
10.5369
-59.1914
60.9862
19.6252
30.0518
99.7959
15.4849
67.3325
-20.0698
53.8244
-79.5153
96.4015
-94.244
69.7332
64.7391
-33.3415
50.4276
78.2026
96.5468
15.7956
92.9262
-8.23259
29.1182
-15.8566
-82.6687
-37.4677
35.4604
97.9238
53.7709
-38.2711
26.1887
-6.24298
-4.22954
67.3584
7.10216
35.7599
-72.9187
90.1183
-30.4581
97.6856
12.3729
16.2087
-99.6264
-26.0224
6.44493
6.64843
40.6751
-98.2529
30.9317
43.9421
-65.8485
98.442
84.1213
-10.6292
-20.1145
-40.4227
52.0241
48.9343
15.5703
64.4197
-72.9496
-97.8682
7.23876
-91.0128
60.5813
5.346
91.9647
-71.9043
43.9518
13.9762
-88.5111
52.299
-89.4945
-44.6352
47.2765
-87.4905
66.36
-92.7964
53.4893
-91.5328
50.825
-81.7543
9.62023
51.1388
92.9283
-1.93091
21.1521
23.0902
95.778
-26.4515
27.495
-24.0398
-72.804
5.56496
43.3205
-23.4112
-79.8694
52.6879
-21.1046
26.5394
22.1465
-7.84506
91.476
96.1724
5.87519
-72.0709
-85.9426
-55.5131
-27.379
-14.6542
-7.75835
80.2434
-65.8034
93.9532
9.75586
-94.8413
80.7325
-86.57
-26.7751
-2.40656
-68.3938
87.9472
-58.5539
-41.0861
77.5063
49.8943
93.2987
84.663
-58.2075
66.6546
94.5718
-2.24074
-83.2697
17.9857
71.1179
71.5955
-69.6004
-94.5802
-26.0252
54.1905
99.7744
81.5408
79.2433
-72.5476
-27.0847
37.7038
-72.9617
-52.8012
52.5748
-42.4247
76.2282
-37.6739
-20.0835
9.1442
41.9792
28.6495
-5.32215
21.2417
62.4604
93.8985
5.90407
-18.902
98.9473
-3.58114
50.9363
-7.76425
12.1583
-62.2145
6.56443
23.0685
-10.5699
-78.1023
-32.2373
-56.9442
80.0498
0.878212
-74.0639
-55.8945
35.931
93.6595
47.9202
73.4112
23.1892
1.90962
-38.8173
-69.5735
43.7536
-93.645
62.2949
-44.904
-13.5268
15.4932
95.5295
-72.6372
-96.585
95.0987
-12.6807
97.5578
28.3977
4.89612
13.9186
-32.036
73.3708
38.6426
-86.2968
33.1118
83.8941
-96.4569
4.94371
12.9477
-48.7242
32.2502
75.2912
-93.5504
-26.2778
-46.9282
-8.95918
-85.075
-98.0629
-60.8027
45.4798
-59.8264
31.6665
-14.4311
-28.021
-10.9524
-50.923
66.4205
32.3812
-14.0608
-62.9549
-92.6742
-77.192
86.4504
4.5868
33.6963
-63.4388
98.4605
-91.0586
50.6552
23.5215
74.9485
62.0564
-67.6711
-66.8003
-21.0094
-32.0153
1.58979
88.1471
37.7886
13.6895
-51.9869
31.1804
59.7163
93.4621
-36.6336
10.34
-5.26261
-41.7884
54.8295
5.05425
37.25
-38.298
70.4437
-67.808
14.658
-40.6934
-70.9302
-35.485
-78.8547
5.8584
7.13924
-36.7907
31.0973
30.4236
-9.45496
9.71682
-18.2382
49.2037
46.5504
37.5122
-51.5489
-0.148236
-16.0197
-60.4208
36.8998
39.7881
4.31712
48.9059
4.4813
-46.1953
1.74157
-90.2594
-48.0029
-36.3309
-8.9485
-65.9039
42.7128
-31.8643
7.76113
-78.258
46.1599
96.9239
45.9132
-53.0517
-24.2055
-1.42149
-6.61224
97.4531
-31.5546
-86.3907
-65.1518
85.0723
56.5631
-91.8084
-21.0257
89.2748
-74.9832
-98.6194
-18.4847
-29.4629
40.0868
-79.2888
-24.1588
-74.0773
10.837
34.1807
-91.3474
-6.94136
-27.3664
-16.9469
-68.6547
62.7481
-41.5426
39.5328
51.6198
49.6268
80.5444
33.1188
-70.7614
40.9702
52.8982
2.80459
-80.7269
61.1739
34.8148
13.9163
-89.5953
24.2318
93.7151
48.6695
55.158
95.2324
8.93658
46.538
-41.0321
60.9309
65.1975
-41.0873
-8.18024
-82.2783
-34.1856
59.393
20.1861
-93.6693
-82.4621
-94.2483
-95.0161
68.5996
-94.9536
82.9304
26.7941
-16.6356
51.7718
95.6137
13.2566
6.11615
-85.4381
89.4603
-25.8864
-24.3697
42.3158
69.7034
-2.42572
-90.8434
71.1397
97.7695
49.8243
90.1359
37.0478
-44.815
-16.931
29.174
96.7924
41.058
-76.1576
34.5058
7.174
48.6338
-70.3948
-16.6517
-44.5243
-61.1098
-17.1295
1.93916
-81.5375
94.7957
14.5343
83.9931
-20.3866
-70.26
41.1651
-4.24158
68.4628
-1.08901
-35.7129
-13.6758
-51.0306
-83.4739
-40.2907
48.5338
-37.3318
-52.7303
-45.4005
-76.0865
-96.1394
-72.7169
76.3084
-76.2201
-55.4818
-83.8804
41.2246
49.0446
-9.88986
-92.6108
-93.8353
2.85913
71.9361
9.77621
-56.7314
-82.9322
23.9991
-16.6915
-40.4067
-37.985
-48.5929
-6.64483
-16.4919
3.60193
53.6154
42.904
20.7153
-22.5009
-42.2251
-79.1375
82.4444
-56.7663
-82.2393
28.6382
87.6935
-63.5711
9.33922
67.9664
18.158
37.8222
5.29433
-56.3856
-77.0439
-56.9551
-3.65468
40.8263
17.4906
43.4002
-75.0896
-20.4474
29.4121
98.4693
-30.6164
-32.9594
-78.7791
-69.4405
1.78176
72.5341
99.0651
21.3023
-34.2213
15.891
-73.9179
-56.6528
23.4904
53.8099
81.9977
-84.8725
-98.4651
-74.7984
-46.8392
14.5009
-32.7929
-13.8372
-2.80549
87.2702
-62.011
-30.0608
-57.0224
-13.7974
-70.6242
-81.6729
59.7137
-60.4625
15.8782
-66.3075
-53.3535
-48.5412
-79.7723
-25.9041
-35.3317
90.3501
88.1247
38.8663
22.47
-7.20403
52.4757
3.13907
23.1132
41.9042
-63.356
46.5404
-38.7654
61.5722
-35.3517
-67.7983
45.3774
-72.611
-62.6748
-66.2593
-59.3352
12.9285
-73.4323
-66.0169
47.594
40.2356
-46.2297
22.8301
-70.8369
-54.7831
27.351
89.8518
57.558
-55.6074
83.6413
38.673
-37.4185
6.60035
-62.8839
-44.622
-20.6689
44.8962
-86.961
-50.7284
32.291
-10.0881
57.632
-98.8129
71.0636
37.4011
-76.7838
-59.6532
-83.9671
-12.4952
8.16615
48.6527
24.0641
67.6736
-86.8327
38.4711
-83.1744
73.5577
-19.9735
13.5388
-97.1532
-15.4701
-99.4658
-45.8448
45.3211
-58.4773
-29.5849
98.0642
-34.9546
3.59464
65.9972
-13.6
72.8697
-68.3151
-73.3979
-59.9283
-18.9681
65.8889
75.0185
41.7269
-83.455
99.207
92.4566
-86.5502
70.5936
-7.82747
-5.50134
-77.7939
27.0571
0.338222
7.58733
-63.2255
3.24037
69.5494
6.62214
-20.5499
-53.0486
-6.58551
-1.81327
1.79747
-42.1812
68.7752
40.1592
-98.046
50.534
86.9112
-56.3916
82.2921
-67.8935
31.0905
6.96996
-42.4504
97.4987
9.16465
56.1089
-63.639
78.125
-74.596
28.3465
88.1654
-50.7861
43.3456
55.4806
24.1197
-77.5729
98.7035
7.03732
-96.6345
34.613
-73.2309
-80.4465
67.0122
-6.77563
2.97156
23.6548
-75.2813
94.3463
94.8156
45.7682
-99.6714
78.1349
72.7152
52.2939
24.3404
-80.1197
-68.2301
15.4057
-46.9734
-94.304
-97.2921
-96.7698
-41.2347
22.4817
-76.871
-56.3039
33.5853
46.9995
64.6192
59.4349
-21.6613
-59.934
35.2381
63.6513
-5.41793
60.5142
-38.0235
-12.5863
-10.1967
80.9538
58.9568
39.2977
44.8713
36.994
-32.4123
13.0799
-41.2347
39.0233
-8.81658
-58.3771
37.1582
89.3409
-7.34642
48.5382
33.4799
-16.2128
-38.8527
-66.0595
-29.5781
11.9082
31.4948
37.9029
-73.2915
83.0645
33.428
-58.1131
85.9896
-75.4946
-64.6128
-20.5474
-77.3334
69.7134
-49.4151
71.4126
86.3474
72.4699
30.5039
-55.7525
-0.509709
-76.3681
-94.5274
16.8392
72.4013
-33.7001
-65.2428
-72.8925
-58.8732
23.1097
88.129
-60.1545
-8.85536
-87.98
-91.7401
34.2504
42.2456
99.2795
77.8347
-44.8438
31.0638
-74.1628
53.1954
-22.3315
12.3648
-51.5401
-6.98589
-65.5948
-32.7708
61.1609
-58.7011
-76.6652
35.351
25.4429
-46.2391
15.3906
85.8416
81.6372
-16.6478
-52.9422
79.6568
-99.8909
-9.26986
96.3508
-32.9088
19.2262
21.0949
-44.9214
29.1652
-34.6145
69.2508
-42.1793
-67.2657
31.4696
8.36034
-99.7039
76.5085
33.4296
55.4393
-12.5109
-2.64414
72.8601
1.19079
97.2958
-67.5793
-95.1524
52.7799
44.5123
-46.0752
-18.9251
24.9682
64.1345
11.2046
-57.0928
-59.1464
-61.8335
-32.8658
67.7576
-99.1122
38.9158
21.757
21.5999
8.0228
50.5641
-56.5969
-71.368
35.3208
-18.5366
-60.9027
98.7693
61.6108
26.9901
-11.0243
-66.925
-78.6934
-19.9506
-6.27614
-67.4993
12.4724
-35.442
-74.4238
68.8308
-94.383
53.9427
72.6958
-72.4644
-61.7371
-37.8097
67.6882
-31.1096
-2.0358
23.4432
-24.3542
84.8577
-51.0519
12.6748
-71.5676
98.1064
28.0781
-97.6814
17.6416
97.044
-49.4719
35.6461
-11.3126
-87.5843
-46.7434
-25.0844
-46.568
-43.2626
-27.3329
91.0804
-74.456
-10.1916
-25.236
-0.0494865
81.9473
62.5053
-21.1699
-71.7587
-16.091
43.0158
69.9561
-34.096
-97.7959
75.1555
33.6984
-81.9495
88.4128
-49.0019
23.7425
-28.9744
74.9315
56.4378
-76.9578
-88.546
7.2586
45.3825
-37.8098
46.3856
-94.6956
-71.2647
-62.2793
-69.949
19.9435
-61.935
95.1912
-9.20671
-43.2782
-20.8383
-24.8464
37.7165
49.7144
-54.4863
-0.0751421
7.5096
-66.513
22.4594
76.6655
78.8072
-2.0033
-80.4734
-66.2478
-29.3652
2.07946
91.1109
-80.6265
-52.5884
85.7702
-72.0584
70.0291
17.5488
-8.25082
87.3187
-22.6096
-0.760371
-94.3459
-66.5308
-92.8633
18.91
97.1424
-54.6458
15.8442
46.8359
-53.5612
6.30528
70.9
-88.7373
50.3183
-30.1453
-73.9287
77.7484
-97.212
22.8422
-11.9938
-71.8817
-22.3598
-17.9433
-95.2472
-88.1146
-81.7577
-80.8728
16.5805
-26.6012
-75.2342
11.956
-17.4365
-36.0328
31.3441
-92.1296
33.9469
10.2134
-85.1327
32.6801
-90.7534
71.6526
46.1276
-3.33222
-66.8793
56.3766
-27.9492
46.1969
-80.6129
15.6215
15.3471
21.6067
-99.0541
49.333
77.042
16.9761
-59.032
79.8892
38.6686
-36.8839
21.4103
-32.5498
-95.1332
3.3263
63.121
-78.4515
-77.8804
87.3577
19.6061
74.1188
57.1376
-95.2613
-37.1181
-78.3805
56.6019
-38.7132
-28.7283
-35.0345
45.5444
-29.428
-30.8763
-29.1851
-92.3964
56.9102
78.4452
72.7705
57.9105
70.9379
-98.8122
43.3927
-74.3821
-80.1552
-7.09603
-46.322
-79.2736
-3.50781
-99.2643
90.2011
36.1967
-39.2833
4.63293
24.9915
26.1392
26.1642
82.7462
98.7255
58.8559
98.3298
-14.0123
94.6397
-48.5415
98.268
-11.9825
-3.71734
0.363112
-45.0213
-30.2141
59.3333
60.2119
-84.2127
-7.69633
40.088
80.6283
69.319
-53.8703
34.0036
71.593
-5.90731
-67.9436
-31.7167
77.0116
-59.1481
-67.0276
-24.8552
-70.8237
-87.2118
-71.7282
-12.9834
-40.9301
20.3055
90.2932
-41.298
1.8691
-84.0747
75.6985
99.7471
81.6639
-93.1164
-66.3558
39.9968
50.1721
-85.1618
-81.5125
43.5761
67.8749
-50.9746
78.243
-59.2719
-35.5467
-36.0965
-50.8805
-20.9594
-52.4039
-73.9489
-91.311
48.6482
-40.1786
30.595
-39.2665
81.6352
73.2781
90.0796
-92.8687
-40.7351
92.026
-50.4361
99.406
-36.3517
51.6087
-41.0599
31.1737
74.6636
-61.0214
-42.525
-64.4326
-75.9967
-4.50425
6.93224
55.0246
-41.4185
81.6884
89.6225
77.9223
53.9405
31.8158
-90.2556
56.5608
46.1841
48.5627
8.95535
18.4617
16.5075
-91.5906
-8.5972
-6.38282
-85.6926
-37.9799
-39.2298
71.8159
86.3612
-94.9433
-77.7725
-50.5354
-51.4831
36.7013
64.1611
-14.9763
-50.1526
-27.8926
-70.0762
74.2946
29.9195
-95.5629
-16.834
19.2881
56.5275
-10.8295
78.8567
84.6149
-79.1589
84.9368
-27.3804
20.8427
54.198
59.3458
-75.9459
33.1346
-60.8207
-44.3675
-99.3098
-75.9747
-30.7387
-12.1632
50.1049
-31.7095
83.5361
16.189
-99.2723
4.10267
56.8754
-59.5943
-9.19739
17.4021
34.4613
-1.86271
34.5175
-40.9465
36.0526
-67.4589
60.8579
-38.124
28.6846
99.8035
24.3683
-0.249848
-8.30817
35.6421
-66.108
91.0555
-67.199
82.9406
-10.329
-55.0831
-27.1698
-1.75052
-8.33982
85.718
-64.4344
23.4139
-58.0916
-28.3021
-71.2395
3.02393
-42.39
-19.7538
-34.5919
16.8406
-83.4096
-28.6551
24.1492
-28.7203
71.916
10.8995
58.9031
82.5938
11.1781
11.0677
32.5675
-26.4499
65.5656
59.1186
-36.317
-17.3713
-36.0832
16.3594
71.8663
6.19436
-87.9247
-43.4121
77.339
-0.0268795
4.79368
-99.1601
53.1998
-11.7112
41.5597
-27.0698
83.6924
-43.1699
35.2879
-54.529
12.6926
-64.9161
-67.9072
-60.4365
-35.0403
-86.1042
-8.3641
37.2948
90.5963
46.3081
55.0638
-84.8695
-69.0272
-14.9949
93.5082
-53.9909
-30.0149
-45.0817
16.8744
27.1517
-26.4102
65.8274
35.6197
97.889
-39.9932
47.5471
41.6512
-45.6874
87.1829
51.8863
-3.18534
88.1127
76.426
-74.4099
-20.4604
93.047
48.1034
52.6113
28.9057
-48.0132
65.3629
36.4476
97.8576
28.2199
-17.4556
78.8237
93.142
-5.16503
80.4833
8.0346
65.9697
-74.3255
-29.3049
56.6425
70.0703
20.8523
-51.9009
14.0476
8.19006
-17.4639
49.6882
2.9324
-62.4862
-16.0152
28.1149
-83.1388
-44.7459
-92.2975
-15.0989
76.5369
84.1019
19.9554
-69.8839
-22.6432
77.5549
-46.6214
64.323
-74.3622
41.4003
-38.9532
-58.3597
79.0884
-47.0527
29.3405
29.4332
57.2316
53.2526
-5.61485
34.2003
45.3292
-85.0476
-77.753
-85.9872
-66.5644
-90.3426
-65.9656
55.7225
-37.1821
40.8586
-76.5538
94.5013
94.5147
-12.6697
74.049
66.6564
84.7509
-94.6832
-68.3773
55.934
-42.2697
-10.5716
4.83559
-72.2324
-57.456
22.94
-38.7773
24.1695
8.62621
-83.56
-15.6504
42.2759
-64.5613
36.0235
74.0229
39.5908
-27.8655
-63.3175
-39.6477
13.7517
-68.8251
90.0455
-14.9293
-95.218
32.2969
81.4204
35.7956
-23.4733
-44.8567
-85.1811
-36.332
94.6605
35.4709
61.633
88.7813
52.5556
28.2626
39.559
31.2819
51.867
34.106
1.07557
13.618
-50.2334
23.4846
-56.3609
-82.3867
-76.8609
2.21239
89.348
-32.0282
73.3204
20.8427
49.3681
-17.8324
20.1027
78.2578
-22.3175
68.4066
-84.0899
13.5185
-96.1677
-63.1289
0.761545
-4.12039
-43.4067
-86.1954
55.9494
-84.106
87.7867
-87.2112
-96.4087
54.5301
49.5017
-66.3103
-25.2087
-84.4131
36.714
14.4649
13.7512
-82.7206
-6.9455
-82.2995
-1.60036
45.5911
25.3186
78.2094
-72.98
-74.2178
60.467
3.63844
58.0476
-51.3924
22.2623
-83.9642
62.8511
88.6974
-42.8287
28.4725
-95.172
87.85
63.688
-87.5909
-2.15385
99.692
48.3823
42.201
-73.0581
7.64206
-53.9182
32.9973
27.1063
-40.2336
55.9035
-55.5938
-27.8536
7.41231
85.0957
-71.372
-32.7504
-2.06802
-54.8847
-45.0426
-64.6648
-87.8168
98.5559
24.2169
-98.3383
-58.9796
30.9427
-90.8781
71.2758
-44.4627
-84.9617
58.4425
49.9475
-82.7806
96.3683
-16.9045
-12.9917
-17.4505
-86.444
-79.4442
-66.2507
-4.17347
-25.4167
-80.8931
48.6346
13.0017
-59.913
71.603
84.0277
-22.9879
-54.4274
93.9826
52.1457
-51.7487
68.443
38.2228
19.7954
-17.7475
-10.9198
23.4387
-22.6372
75.057
90.2735
51.9489
-20.4799
-24.2727
22.5951
-75.8836
67.1724
59.2438
18.4081
85.2416
-94.6841
34.1871
-54.7872
-69.0423
-34.2569
-60.9755
75.5843
75.9363
4.6771
-84.2653
49.8023
-76.0534
80.0058
54.5984
21.163
97.5855
-20.9743
75.3
4.52933
-23.1919
19.979
-82.2345
67.8561
-15.9476
16.0481
-84.077
4.79456
6.79032
-69.4393
-82.7143
34.9324
-1.99745
-98.0178
92.241
7.23549
-17.1977
-93.477
-35.2808
64.0438
41.9412
-73.5254
-42.3079
34.9886
86.3212
-4.84616
85.2061
-89.9877
-63.7553
-38.2426
-10.0571
75.6425
-61.3442
-70.8369
62.7844
13.6653
30.8149
-69.3978
-34.3405
44.8541
-54.8422
79.5331
74.0387
49.5315
86.7968
-15.5255
81.573
63.7399
57.8379
-94.6643
-60.5551
77.9134
24.2541
88.433
-8.77126
-21.7559
0.316611
96.6849
-65.4679
-29.8461
-27.3228
30.953
88.9221
96.7884
43.082
-65.3975
-66.2351
60.3655
27.5787
-92.094
-92.3836
36.4745
-9.47294
-27.5154
-74.2615
29.1461
-98.2114
27.2471
17.275
32.8941
12.976
-73.5337
-21.5747
-18.4453
-73.9586
77.2751
-29.5989
47.0963
-92.6142
-9.69748
19.3478
-83.6546
-77.4156
36.1359
-70.0355
97.0297
57.9997
62.9103
82.6302
38.6521
-97.3819
53.5058
96.1237
77.7537
-94.2112
-53.196
-65.3067
-5.43628
97.9689
38.5088
39.2642
55.7316
-32.2077
-42.2194
-94.9427
-36.8061
-70.0031
-3.2021
-94.4326
-53.0397
-49.4278
-85.1474
-27.5601
-13.1658
-3.00629
29.7909
26.6738
-37.0789
99.0204
91.9201
-75.3105
86.4974
89.8079
95.5
-36.6237
-23.6865
4.90557
11.0354
40.7386
51.9144
-58.0876
77.4755
80.6391
-1.13703
45.2628
77.971
-27.5289
-18.7538
-98.2556
29.328
59.4912
-88.1661
-43.8716
86.5917
-64.3744
-31.8707
15.4076
69.9825
76.3721
65.2574
-62.1063
-23.1828
-77.1487
10.3573
33.4017
-84.0652
67.1159
34.2132
-18.8251
6.11935
5.16122
-6.66234
-68.3947
71.38
73.1155
-88.3728
-22.3639
81.1464
17.7248
25.3107
-64.8146
46.2593
-52.2057
79.0239
31.7395
74.8513
-51.7753
-29.5815
-36.1174
-39.1847
-8.46747
79.3956
48.5709
22.0372
-94.1585
82.4235
-62.8633
5.16218
18.8702
44.1277
22.0997
-71.2441
52.4574
-27.5556
72.5546
48.6241
-77.9348
-35.5942
31.9103
99.1559
-13.0503
-25.6034
33.4289
87.1767
-15.3607
-32.4404
-51.5312
15.8876
45.7366
-71.6298
-81.6145
26.062
71.9762
53.2315
87.7874
56.239
-95.6405
87.4361
-31.4665
55.4809
34.2989
35.9825
-59.5356
-24.3991
-2.57647
-87.4612
-77.4177
59.3387
53.8972
93.6258
94.3346
-39.5839
69.1808
-96.95
-73.9173
-2.34172
47.8406
-91.7334
75.428
-81.3152
-79.5842
-56.2098
17.6849
-71.3164
60.3351
-19.6667
-12.641
-33.4054
60.5077
56.0531
-46.9398
13.2354
31.6818
23.7688
39.2701
-93.2816
-50.7223
8.07142
79.6427
2.15664
6.27238
41.8583
-19.7974
-90.6937
6.88331
-83.764
-42.3389
66.1523
-24.5365
-70.374
84.459
-66.2335
76.7518
51.2454
-93.3955
85.6022
56.8987
-37.3981
13.0849
-60.6815
-88.3179
-37.0368
-17.7204
-51.8401
72.5337
15.525
7.57207
6.37624
98.588
46.9767
-52.7343
-85.5311
85.0537
65.8707
-4.88774
-23.1152
-74.6197
-89.7271
32.7586
-97.9006
-81.1306
-61.9633
-65.4035
-54.5279
0.274722
46.6467
-22.3054
83.462
-3.74989
-85.6415
-65.1932
65.784
-20.97
22.7069
-46.8693
98.0615
7.47328
-45.6824
-3.61027
73.2176
-68.2874
-30.7466
96.8711
5.93295
38.7152
-34.8901
-16.2573
-29.227
-93.9549
-83.4809
79.8553
-33.0039
-95.3922
92.5806
-63.2636
77.4355
5.87131
-65.5298
87.7368
11.7872
-59.9389
29.4535
5.33276
52.0396
-48.5764
69.5252
-41.6633
97.774
35.1443
52.0244
58.1062
-95.2979
65.8007
-98.9977
-51.0557
-22.4883
-69.9558
29.3665
-3.76143
80.8788
7.16026
-26.4205
74.0027
-95.028
-19.5414
51.1183
-4.95394
-62.0108
-97.6219
-43.2677
7.57939
-19.5941
78.6618
85.3858
-99.3851
86.7931
-89.5774
-60.5518
82.1515
-7.62795
85.3541
-22.6888
94.4558
22.483
-75.0432
54.1814
87.7804
87.6276
42.3095
19.4859
-98.4016
-26.0387
-50.0239
-63.5615
-69.1319
53.0808
-77.6241
-41.7635
46.3212
54.8861
78.7023
54.223
-5.7752
-13.2945
52.8202
-95.2842
11.438
16.1209
-72.9166
85.3339
-0.782324
-85.5226
23.3798
-60.9517
-43.5291
-77.8053
83.7927
-44.8201
-33.1387
24.6877
9.22815
-4.49702
-0.757439
25.4136
-54.9201
-63.0751
-34.1949
45.2467
14.1324
-76.6614
74.8934
23.457
-74.7566
16.0242
55.9573
26.2165
28.3441
63.4826
-8.7561
-3.67626
-20.589
56.1183
-61.2044
93.3026
14.4208
22.2949
89.6155
88.1459
91.5977
-40.0647
-97.4587
45.9334
-2.36055
64.1363
-21.7957
-98.6753
71.056
46.6233
30.1479
6.06291
-59.071
98.1089
3.7244
96.9709
-62.6096
93.9319
-79.1868
88.9946
16.0317
-93.4552
-69.2982
-23.8541
44.5799
70.1988
14.5502
-98.2832
-36.9218
-30.0263
28.3705
-9.2638
54.9641
-39.7504
94.0037
41.3509
90.864
-60.9388
87.8684
-67.9109
31.315
-7.01664
58.1117
-98.0339
63.7815
-36.6561
61.6366
-57.775
41.2589
45.0917
-26.7141
-43.4198
4.3039
44.1849
82.0845
93.9538
-35.0822
96.803
7.61398
81.158
-24.1394
97.9095
56.325
-63.668
80.8744
17.5298
93.7116
-17.1489
59.3881
-92.7055
-4.46184
-15.633
9.80048
86.7743
-90.6239
-38.1523
-32.3105
-35.2596
-3.29481
79.0202
7.97532
-46.9196
37.5501
-53.353
-73.0466
-61.2931
-64.8607
-26.7739
-45.3048
-3.247
84.9626
-1.04068
-70.6797
91.0262
-46.3755
-79.5584
-94.8225
-76.6919
-87.8676
-46.8846
-70.6689
-94.0443
58.0675
-88.0639
44.1192
72.6876
93.2201
68.9436
59.6946
25.9657
67.7798
58.1432
45.7401
46.2469
-49.2559
62.4125
-51.6085
54.8551
90.1964
-67.2791
-28.3317
-23.896
70.893
-7.16726
-60.6969
-65.144
78.3841
-42.3224
-42.9067
2.11167
44.2261
48.2383
28.8279
-71.0393
-7.70917
53.8857
87.4609
82.8417
-47.6167
94.5381
19.4991
-35.0532
-67.6143
-87.6466
89.4703
-93.7279
-48.1475
-10.4966
-55.236
-54.5199
51.482
85.9518
19.3402
-80.8952
99.3963
85.7004
-75.8842
6.22348
-46.192
77.1882
-34.1072
-79.4987
-36.1871
81.3327
-41.5799
-91.3202
78.4272
19.6224
-37.6493
-75.2262
34.1093
-16.5457
-28.7214
38.2878
-84.6845
-20.1685
-79.6594
29.0243
-96.0146
-42.1411
-6.96999
-54.5779
-12.0382
-18.0179
-70.1415
-21.1881
20.0129
-21.5104
-72.7005
-43.9744
24.7765
-28.3354
-32.9955
-68.3775
64.6238
75.3356
-37.7358
69.6966
66.8759
60.3938
-97.0055
-7.14286
14.4843
-50.8923
-99.5095
-33.6222
13.4203
56.9105
-67.588
88.8875
-50.8794
-99.2682
-86.4723
-89.4571
-70.7953
-56.4531
49.5312
69.3541
-38.6845
81.2285
88.0015
-10.1454
71.0455
23.8363
81.5576
11.5009
36.5643
77.0195
60.6965
64.5931
68.4427
-18.8721
61.0885
-68.0594
-46.9953
47.7589
-14.1431
98.9505
-76.2138
-19.6161
-56.146
-70.1356
51.0324
-16.5623
65.36
-85.1198
82.3396
15.6199
64.6077
-89.0411
60.0965
26.8291
54.919
53.5648
30.528
-31.8978
74.9903
7.10831
-45.1413
-52.0149
-19.7732
74.9154
42.2613
65.7454
4.19454
89.4092
-68.3178
-46.1227
43.0695
-77.563
57.1007
-6.65709
61.6957
-27.2807
-96.63
15.416
-74.2617
-27.4294
-97.7194
10.7933
40.0095
28.2786
-75.0559
-23.3871
-69.2904
-33.9833
88.8454
24.0885
-9.22211
-3.00588
-90.4916
-12.3506
58.752
56.0583
56.7741
-58.802
-14.5049
-80.9427
42.1904
-56.0868
63.9186
39.4495
11.4161
-64.6828
-24.6486
-67.7256
75.3753
-54.8851
-82.9871
28.0738
-14.9582
13.5249
83.154
59.0718
-99.7161
-56.3899
40.1888
83.0388
-7.43874
14.2022
-68.0058
15.8772
-8.85082
-5.31886
98.9469
0.0722097
46.4234
-36.8277
-96.0394
40.6665
-13.8501
29.3418
-33.9354
-67.7497
-49.1926
65.614
26.4103
-50.1554
-28.6956
-75.0434
-5.59101
64.0358
79.4226
-13.9648
93.287
-61.1354
88.588
-88.6893
-65.5484
-61.8082
-76.096
34.8407
56.3097
21.7119
52.4652
55.7649
11.2174
51.0564
-80.0387
-31.6505
2.71902
-22.8342
48.2925
96.0739
-21.7212
-74.1189
-4.03462
-56.0539
-68.7765
85.7282
-6.54371
50.6586
-8.93965
99.1429
97.5003
-30.8179
-74.7924
16.5537
97.0271
15.9431
-36.5721
67.9133
59.5714
24.8769
-14.0696
-61.8855
-63.0544
-16.5239
-14.5719
52.5772
70.146
-46.4198
44.1565
19.0749
-89.9565
56.495
-13.1504
-70.5934
-16.7094
-69.9938
11.5009
58.4925
-30.8764
1.74573
31.5719
-93.2946
-49.0868
-53.5245
-2.0188
-26.3686
-26.8586
-4.17196
83.4809
94.3939
88.1452
90.7714
-19.8245
-89.2505
-26.7938
98.7178
59.9825
22.2001
-76.648
12.9228
20.7388
-18.4477
-46.9647
-40.0118
3.23235
-79.3118
24.2596
57.1309
16.0198
12.7733
20.1117
41.8783
24.4683
55.2006
-24.3296
-56.8528
-6.78609
95.6312
-56.7876
-47.6022
51.356
-21.1013
47.2501
-23.3277
-45.6464
8.40415
96.482
5.72982
-17.6961
40.6834
-65.6765
-22.0098
-3.72477
77.5596
-61.9644
10.0211
69.5628
-40.058
-12.2496
57.5465
-28.5141
-40.777
97.1054
90.2584
-12.4208
-16.2077
79.5633
32.076
-87.9862
16.7199
-37.8874
-60.4304
92.1916
-94.4664
15.4092
-0.999774
-60.1443
63.0055
11.6005
35.4079
-32.4842
-75.5886
23.6413
-26.4803
4.21231
-97.0574
79.3665
55.3868
-0.470096
-61.961
-94.7248
99.6528
-49.2265
-56.7967
69.9959
-51.1076
-87.1864
-98.3479
-96.1991
-54.9321
79.4019
-78.4138
71.2475
-42.8327
19.7232
67.489
-99.1358
-9.93228
99.5115
92.6452
31.3928
-92.4177
-59.973
-82.3905
52.0776
39.3843
1.5628
-36.6671
-99.8081
82.3724
-87.5707
26.853
-71.4579
-9.78037
-48.9399
0.372639
18.1241
-48.515
-35.7144
32.319
-67.5617
51.2762
-14.5306
-53.416
-25.7911
-61.6906
3.6985
2.27516
-43.1179
-85.975
-72.1544
48.9036
64.8023
5.23906
-66.3126
-41.6207
91.6442
-11.3444
-59.8182
66.9205
-2.33485
82.2052
-47.3454
-60.8104
-36.4518
21.8401
38.1736
95.6401
69.8583
-71.3265
-53.9243
-1.47936
19.7012
80.066
-38.1172
52.9015
-75.3898
73.7054
-0.941853
93.9415
-48.6051
93.7838
-41.0115
-69.684
33.7343
82.5237
38.0077
-55.3562
88.0248
40.548
-15.1292
-59.0843
-21.0517
37.6033
55.2586
33.804
23.0673
-60.4269
72.5183
26.6744
17.8577
-48.1114
18.1972
-0.623872
82.7227
13.56
-11.4076
-23.5426
-26.5162
82.0316
-33.7392
88.2684
-78.0786
-75.1371
-94.5076
-94.6885
-95.5648
-41.5914
85.9733
-1.12018
13.6628
-15.8649
-1.11851
-55.0609
-70.9216
-19.3498
-24.2298
20.2505
-57.2901
13.5884
78.6041
-37.7376
30.1682
81.7415
-17.6818
-54.7636
12.1944
-86.0671
-40.6368
-94.6233
-47.3106
8.90466
67.4596
-53.3937
98.9694
49.8704
98.8422
55.8106
55.8969
9.60386
50.3443
67.1218
-97.7018
-22.414
93.5081
-8.15138
-90.9337
90.4401
17.0473
-96.7154
29.1709
-91.6359
43.1575
15.0655
-51.7063
-80.9678
48.2335
-32.3182
-59.5022
-28.3776
-19.6768
-87.63
-75.5758
-25.7421
-83.4938
-92.4455
-35.4822
-36.5227
31.9274
-47.5465
33.1991
-58.1876
99.3836
0.555637
-56.8176
-9.88108
-47.459
11.5316
46.2724
86.4868
92.4962
-34.8183
42.8378
-91.7163
-96.6436
15.9812
51.7703
-4.14352
33.1272
-59.3498
87.7359
1.30109
5.94478
29.759
22.8519
30.1244
-27.182
-56.0391
-40.6496
-91.2171
-92.6715
-95.258
60.2568
69.8757
-33.8446
-71.5905
99.8156
-40.9252
-3.10163
-53.0959
1.61157
-63.1939
-3.81136
-21.3741
-13.406
4.86217
67.3211
37.9859
-52.6513
56.0487
19.5546
55.3232
-44.2248
-30.6323
-42.0995
-13.9577
25.1994
56.991
-4.93901
29.0166
91.7673
37.9113
-75.7814
-60.8589
-63.5159
11.9339
41.2929
78.3259
-34.3901
-26.2298
-12.5259
85.8954
81.0151
25.8642
-55.9088
58.8493
-10.9283
-35.8958
61.022
77.7231
25.0097
12.5958
-3.3909
25.3682
65.9913
9.88768
85.3019
77.3777
-82.1858
-44.9946
-68.0378
-42.9561
30.1395
-68.4242
-23.1371
-88.2124
42.8548
-82.9008
-63.1203
29.478
-97.4889
40.042
-52.7713
-82.0684
11.1698
72.7043
-28.2825
6.87853
-29.4634
37.3462
67.7251
-36.7246
59.7075
70.5513
64.3625
43.8861
-12.2063
10.0883
55.1372
-98.0768
-6.71544
3.7745
31.4373
32.9353
83.4216
85.4835
-90.0951
98.2498
31.0655
-58.1956
93.284
2.49468
-72.7239
50.9464
-88.7437
-10.4974
-23.2547
-24.7574
-75.0534
-70.5386
-27.8725
-30.3649
69.5973
25.3524
67.3806
90.1959
-37.0742
91.4977
94.0932
66.3692
20.7429
-75.1387
-77.7046
87.0727
-60.4475
10.0151
-28.1645
84.2709
-0.479968
-89.3772
30.7484
-78.8892
83.003
66.8707
-60.9752
13.2347
-37.2251
98.5648
34.997
26.2113
39.6264
-73.8843
58.463
-23.673
68.8423
10.3054
69.6234
-63.5165
46.6243
30.0674
-62.98
-47.6734
-28.0402
-91.4726
43.1132
-40.6115
15.6126
70.5268
-75.665
96.0993
-49.7299
22.3361
-26.976
95.0753
60.6936
87.8391
73.746
-38.9865
73.8534
61.2832
-57.638
4.90818
-93.9801
37.9401
90.1252
33.1671
25.4279
8.41664
-92.047
-27.7706
-55.1433
52.5829
-81.4013
-72.9807
-20.1705
-54.3731
83.4509
13.9906
56.1446
-56.7299
97.6245
-35.1275
-4.3889
37.507
-11.0061
-54.1609
-16.5185
-33.5367
96.7625
70.471
-96.6723
62.8624
54.6908
73.9174
-47.3204
-39.6764
92.64
-35.8659
90.9309
44.4301
3.6493
35.2706
84.7034
11.8997
-88.8634
40.7814
-22.4711
-0.986204
82.54
-13.5001
-98.7507
32.1221
53.1964
36.9098
89.5142
-33.1464
-62.9433
-47.4139
-77.0226
-94.7203
31.0375
-9.48064
-99.6121
-87.2728
-85.8325
16.7869
27.967
83.096
10.7042
44.0394
43.1159
-4.4983
-55.826
-97.0498
-68.5192
-56.5054
21.5696
-27.442
2.53997
-70.9939
74.0885
-60.0651
-46.8065
-6.08224
94.1038
-66.6056
-50.553
-29.9187
73.9731
39.265
24.9327
-86.5809
-4.69262
-48.667
37.4991
-61.1372
12.6043
14.8651
-1.84045
-0.894693
-42.8719
51.7754
-58.4127
47.4164
-33.5862
22.9322
-33.8971
-80.8523
-23.0873
-77.739
9.63781
-45.2129
-52.52
91.0714
-25.1824
-90.7118
-7.0632
78.6718
60.2557
73.3283
10.4007
-20.6254
0.147073
-44.2978
77.2012
71.6772
-51.1696
-27.9869
-62.6532
13.6433
-62.7078
-36.4296
78.2447
77.7038
47.7052
24.7048
-16.0153
-37.5321
3.8423
-2.59508
-47.7794
-13.4001
67.8734
-46.0583
-81.8376
11.2584
72.19
-10.9259
41.9588
-50.6766
51.4997
-18.8458
-11.1011
-57.4679
-43.8984
-29.1194
5.51406
5.54388
81.0484
-45.7759
-34.8753
20.0715
46.2083
-13.7687
99.6617
11.9791
51.3999
-95.1857
31.2142
-38.306
47.4208
70.1709
32.2654
-96.7943
-9.13385
11.6698
-37.7375
17.0301
82.8636
74.0905
38.854
-33.8332
-88.3611
-5.21915
-14.3216
9.95048
-55.0531
85.3093
-58.0646
94.6352
-19.1968
-81.12
-50.5751
6.56966
-18.0312
96.5714
83.2255
-67.6504
48.7686
94.8419
-9.63594
11.587
-17.5805
-32.6893
52.383
-38.9424
40.4974
86.8655
50.3803
25.6515
80.9722
-11.0617
-14.1445
31.0253
22.7297
-32.8692
-38.3387
-58.948
-70.81
66.7652
59.0644
-3.23156
-58.5942
68.8932
-10.2325
43.3952
-64.2263
58.6077
-77.2413
15.398
-59.1227
67.395
66.5458
-30.3235
65.5311
2.7797
-2.4363
91.3746
-49.3067
77.7704
-4.48994
10.3904
-67.011
-81.1614
-97.4222
-19.7294
-90.9484
-27.5578
-80.2624
-98.8195
-54.2167
-93.3379
-74.4702
-78.1516
-28.5024
-12.4772
45.6423
-62.7116
-52.6175
-19.6637
61.5229
71.7366
58.0348
-29.3238
-36.8779
-71.4781
70.8912
-29.5973
-30.9055
93.8782
-67.272
53.7808
-60.8987
-87.026
4.64613
-10.2524
98.7291
-99.8625
18.6047
-92.3674
-6.4123
-16.9088
56.7685
-69.4794
62.0499
17.8907
-67.7934
-99.8016
-50.9747
7.1406
-77.9871
30.8324
-27.7115
-3.34642
-21.7199
-41.8481
-34.8057
41.4147
-91.4823
60.9424
89.3991
-71.8916
44.681
26.3508
15.1333
60.395
-2.17855
-79.8126
-83.9868
25.3214
-25.9739
-2.3206
-66.2386
51.1598
18.9892
-58.2652
21.2026
42.2791
-19.5575
33.432
-0.746349
-96.9316
64.8918
25.1146
72.1291
-95.6822
-69.4337
85.8085
-91.2422
-38.0798
26.6037
57.5873
-54.5716
56.5978
31.5664
78.4418
-52.6826
1.6893
-59.9063
-23.0304
-28.4901
-85.591
-13.6844
94.746
97.6482
-25.0994
55.7667
86.2625
4.72496
48.5227
-14.4485
80.493
2.92439
-48.741
-52.4661
39.8488
82.7168
99.4977
89.8068
88.2482
41.169
-26.3169
51.1526
-25.9363
-12.1142
-52.8795
-84.5033
-69.6173
58.341
25.2329
-0.334459
96.6635
31.4815
-81.6393
-35.3183
72.7928
16.486
16.4449
-98.0322
7.77677
-76.413
-22.2393
16.3641
60.521
-44.3872
-9.81652
-69.4317
-1.85892
47.1956
-81.5337
-75.4279
-11.1272
9.61056
48.0471
-44.7415
9.89559
22.9393
-65.9112
-47.3203
-26.9574
-92.0602
98.4894
-65.7612
-27.4799
-47.8893
14.3501
0.337809
-13.8156
97.5676
74.0258
-11.9086
-92.0994
64.8946
95.3183
-38.7769
-27.0252
-60.5303
65.1321
-56.221
65.105
-62.598
-25.047
-77.8708
61.5705
69.8272
98.5696
-78.1749
77.8862
32.2663
54.1949
27.8245
-66.2433
-20.6218
-54.2796
-99.8799
-33.7171
-8.16744
39.2154
-11.26
95.7516
-19.6649
-63.503
-81.7249
16.4933
-74.3029
30.1531
63.4179
-29.3885
82.5422
40.0301
52.6937
15.5302
-60.2168
25.8819
47.5644
-37.5648
11.4625
22.596
-32.6271
23.1386
-81.1182
-32.5933
95.5056
87.5547
0.706107
80.2029
65.8975
53.3784
46.358
96.4307
18.2094
13.143
-81.6457
-34.5536
-92.6647
56.6742
90.9591
74.6005
84.0631
51.1007
-44.5882
-56.4852
55.0247
82.6807
79.7692
79.3866
54.4386
34.8611
43.1246
13.2698
51.7406
29.5425
-57.0805
33.7871
81.6005
-46.343
-38.2799
80.0108
-29.8697
9.32082
-16.6635
-54.5433
-19.3316
83.9298
-55.9768
25.7769
54.7916
61.4881
-57.5443
-24.6812
-64.3471
64.2338
-77.1768
-69.788
46.8932
-34.8989
-4.65864
15.8797
-50.3029
-25.5924
-18.4021
-15.1419
-60.0575
-66.0386
30.6981
79.2618
8.39746
-43.8447
96.5847
33.5923
-50.9744
70.8733
-38.1946
-32.0925
-65.7176
-46.4093
21.2792
-20.4502
39.6952
55.8604
-88.3469
-31.4033
-15.6171
69.366
5.60001
-49.0514
93.7873
-55.2982
75.5065
-20.6947
-1.18209
-87.7296
-77.2347
55.4306
29.5996
-17.1471
-7.565
68.4727
-45.1943
36.5208
57.3729
-37.9496
-77.5449
36.0872
9.24423
-52.2137
-85.3716
5.74605
-5.01481
8.33188
-5.31866
-34.5739
-13.451
-25.9592
18.0923
-30.3398
5.23961
79.8152
24.1851
82.4432
-72.1138
12.4919
97.6559
27.3277
58.1336
44.2125
79.8721
42.1215
67.3404
-58.9401
-26.0655
-24.0496
84.5583
1.66634
43.1417
-59.5149
-54.9639
-46.2291
-33.8574
-33.3621
-87.1757
0.928221
95.156
16.3732
-61.2125
91.0629
56.7868
75.273
60.4272
24.4727
-99.8073
-14.3174
-87.5751
3.26981
51.435
-71.8669
49.173
-88.2328
99.5147
-86.1562
51.1433
76.3026
-7.24302
-5.8999
56.1111
42.2624
-19.5829
93.1349
18.5783
-87.076
12.9413
78.5044
15.6523
-72.7738
-62.9492
-18.5396
-40.5408
-5.90512
-14.3446
1.37436
93.069
-99.8341
80.188
83.5412
87.7582
35.3584
-30.2071
66.9024
-52.3549
-70.7646
-34.4076
78.3927
66.9496
-8.14345
-70.8639
-39.1631
-89.0504
48.2776
-16.1183
88.5967
40.7719
-60.9418
56.103
-90.8206
74.2977
31.6235
64.5089
65.4693
-42.6628
-92.8161
92.5571
-68.6369
-56.5076
-9.5444
-21.5576
-33.2971
-54.8001
-0.439751
-44.1513
-8.49785
37.7808
-15.3141
-72.6013
61.1814
81.9614
61.5526
-36.8056
-41.5805
-87.0039
90.1047
67.6922
85.1284
83.683
-30.3831
-50.5179
78.0911
-12.9227
32.3957
-38.8933
-31.5935
-29.6323
-58.2908
-9.44759
15.8223
73.5209
43.0865
12.4337
47.2737
-77.7641
76.8797
10.302
46.5164
-62.7953
35.1065
10.5603
-12.358
-65.6155
67.8203
17.4584
-51.7132
3.55523
-71.1575
21.1734
3.9185
35.0444
7.24094
52.9078
45.4796
-89.1558
66.6656
20.6375
52.3709
60.3727
-77.7649
-64.7626
13.4412
-3.57782
-10.7854
-66.9242
-84.68
-72.2421
28.1409
-15.8642
-49.7103
-34.5246
25.0377
60.8403
22.3981
91.3396
20.4052
-29.3692
-79.893
-83.1097
80.0448
70.5066
4.31208
5.27721
14.5223
-55.8934
3.35551
-70.6468
-70.0284
71.6534
-27.3827
-54.1966
-5.77247
-91.2391
-66.4371
-76.1626
65.1765
60.1668
-35.6923
1.84293
77.0102
8.91259
-28.1613
-83.7572
67.3697
-34.4119
10.29
-10.556
-29.4618
62.3161
-60.322
96.8476
80.1079
8.48015
-47.1099
-83.71
3.22284
55.9787
71.2654
72.6277
40.772
-85.5476
98.9613
10.2371
87.1201
42.8418
-76.5042
70.8154
19.1186
-43.8646
10.1644
38.0781
42.9896
58.5998
47.8841
-38.2718
8.02
-33.5409
63.6199
14.6282
93.3241
46.9572
96.2186
30.4975
-13.7717
-59.1243
93.3384
43.4647
-21.1616
-31.9188
40.5711
-46.0675
20.539
-20.5771
-15.5318
75.143
70.3254
-27.9082
45.4024
96.3958
-51.8184
-5.02734
57.6779
64.0224
56.771
-24.7453
26.57
-9.49927
-68.5139
-71.5414
-12.1714
74.4167
-65.0011
83.567
90.6745
-37.9165
18.6703
63.7888
-17.6566
-80.3387
-58.9253
-54.3763
-37.2096
47.2753
23.9388
24.2097
-76.1216
-10.1614
-38.3886
68.2349
-57.0562
-99.0585
-5.56273
80.0609
-63.4652
53.2576
63.0013
-22.7933
-77.4709
13.8715
-54.0064
79.8331
-79.6425
88.7532
-13.6195
-85.9101
-33.2786
-34.6721
-53.0404
-39.1681
97.4511
2.80323
81.5469
-13.7513
-38.4256
0.488935
-18.9743
-63.8081
-43.0188
-64.015
-20.4665
-57.3643
-92.6744
-55.852
-62.2911
79.1286
69.1379
45.5161
14.4255
5.07507
-50.2404
16.6099
-33.6295
8.63493
-96.166
-85.1808
-41.756
82.9385
87.0355
-51.492
29.4998
-40.2463
46.7283
47.0386
-1.07289
-97.6437
-3.23807
-51.9551
-7.29002
-20.4002
17.117
-19.4913
-19.1763
95.0593
56.1768
-15.1011
-25.6107
-47.0822
83.1467
27.4221
-91.394
43.0544
-34.7567
-4.50637
-79.5434
-69.2355
44.6184
-66.5898
-67.5454
-35.5044
6.15298
-56.5436
95.3142
31.3276
-70.8208
51.2101
-73.8966
-66.5464
-78.7923
-73.1543
-96.1914
53.063
56.8531
55.6101
-70.9516
-91.8639
81.8911
-96.8469
-51.41
34.3047
-37.7556
95.3509
-35.6927
-85.7637
-22.087
82.6778
-73.6302
-15.2045
-10.3742
72.291
-24.0871
-66.1021
54.536
-9.18998
66.9824
-85.4771
-94.4408
21.0031
-9.23697
-53.3738
80.0907
-3.18217
-2.93842
52.2651
63.8204
49.9039
-14.0514
-17.6712
82.2878
53.5434
19.7447
35.3169
4.54601
-19.1689
-36.0036
32.6239
-86.5608
-69.8988
93.9746
-6.32513
-0.657351
68.2139
-4.59475
-57.276
54.5464
79.9758
26.4286
-23.2833
69.1084
54.6652
48.7227
31.919
29.1738
-61.5724
-68.5211
27.2332
-38.9418
-85.5219
-78.1399
61.8656
28.9363
90.2108
60.2094
-33.9331
93.4758
-4.4285
-93.842
31.395
-6.11724
-86.6786
-39.039
-94.8178
16.7052
-36.7537
-0.130793
-89.3985
98.331
-83.3558
-95.2369
39.3833
74.5538
54.9984
5.22697
-28.8219
-20.1472
45.7385
-43.5003
26.9026
-53.9276
21.6663
49.3835
-0.0340894
-21.0877
-70.8827
64.3261
-9.89542
4.51331
-54.6418
-3.20933
-97.2034
42.7311
13.7391
-26.5674
0.748708
-11.5564
-18.5135
90.7478
49.2078
89.0773
-78.8752
35.7602
34.6015
32.4723
-43.9338
-79.0901
87.5919
48.4322
-70.4548
-67.6047
90.6328
25.0584
97.5554
-55.2941
14.9928
95.8108
62.331
88.3255
97.8409
23.4335
46.7157
26.8463
20.848
-60.3688
-3.0067
-70.2219
26.5358
38.2412
50.8718
-71.2832
-49.0802
-48.6271
-85.9251
7.16294
-47.0579
52.0905
50.3301
-84.8347
-85.9489
26.5705
-72.8935
6.22864
-23.3465
-37.2399
-59.7798
91.9749
69.67
-58.0819
65.8057
-71.5978
-14.8921
-74.8068
-34.5145
63.7465
-57.3347
-78.9569
-55.2681
59.6447
88.5777
74.5849
7.49963
92.9701
-63.2729
-4.79132
54.3733
-61.0033
37.3124
-81.2372
82.5187
-88.2974
-91.6132
-83.9711
-52.6947
87.6598
-21.9865
19.1659
10.0066
-35.5784
41.2254
-14.6998
-37.0787
14.361
90.749
-91.0315
-74.5745
-26.6233
38.6127
23.8468
91.6945
26.438
-70.5797
10.8035
-88.0607
9.50582
84.7414
-17.3944
-28.8811
40.7247
-52.4693
-78.691
34.1678
-13.9861
-17.5838
30.5965
82.8379
-62.5533
53.6658
-53.0411
-48.5092
-48.9483
-91.2128
39.1323
-71.9341
-8.68608
-24.3185
49.3682
86.2154
11.6334
-57.5663
30.989
-10.9316
72.0471
55.1687
78.6427
-51.4344
-78.2703
93.9045
7.29758
52.3942
-17.2059
83.2935
57.7582
-16.2967
-32.3415
-86.4594
-46.1915
-12.8952
-47.0003
-43.6551
89.6161
-94.3799
8.73104
-12.3839
1.28784
8.80003
-68.7752
57.4947
41.1036
30.1396
8.37765
-66.1133
-75.5589
38.5038
-38.1795
31.8267
52.4579
48.5459
25.7156
-21.1686
-62.9802
89.7389
-80.1158
77.1308
21.1855
-33.8162
-19.0414
-50.1142
-82.8371
20.6683
-70.3972
68.4128
-72.6549
35.0769
-35.8587
46.8549
-14.8455
-35.4194
-18.0939
-66.9838
47.0563
-90.649
1.28681
41.826
-26.9166
-23.3479
28.944
93.5325
17.6117
-35.9055
16.714
33.2105
-92.6822
-49.095
-81.7589
62.8762
-81.2722
48.8083
41.5502
40.6281
50.4787
-33.6327
-11.9381
-87.3985
17.9192
-13.2297
-0.884144
-12.1268
20.1339
-0.797432
-87.0607
-87.6601
-22.4582
-44.2196
41.3874
-29.9165
-47.0587
21.3091
77.0514
86.6217
40.4595
6.306
-8.7604
44.5374
31.1837
32.1224
-17.4928
-91.9254
-48.2109
11.6022
-65.9485
53.9025
-88.4647
33.4092
-7.17015
63.3311
25.8067
98.0451
72.0129
-72.729
-77.4421
-55.4947
-95.9023
21.5519
25.2972
-3.60747
57.1662
-45.6337
-84.698
18.5537
92.2721
55.3761
-35.2443
71.9859
86.1405
55.6829
15.8657
-42.0178
-18.7065
-57.3474
-64.327
25.0224
42.9358
-5.7306
2.51785
-88.6847
27.3292
30.1067
-63.2003
-42.6989
77.6206
-23.1854
19.0392
-67.7427
-42.9436
14.3646
63.5683
87.8934
66.0296
-48.8105
4.93836
-98.2363
68.7697
21.9054
-45.3539
54.8737
-70.8755
29.6344
-41.4011
42.7502
-89.1618
-64.8768
-88.9796
-41.4957
2.6004
82.5432
-65.2119
98.3773
84.4098
-56.7303
-58.826
-71.4802
-80.224
-42.4526
-62.3379
-15.2702
24.5043
39.3435
-64.0903
93.8216
67.3507
-29.165
-94.4581
-1.50135
-94.8113
-36.2929
-58.8507
40.6569
77.8969
6.39857
35.3731
63.6729
72.2951
57.3287
-38.7529
54.6936
59.1861
-85.984
82.6623
49.5624
-5.94737
67.6802
-43.916
37.171
88.1244
37.8275
-95.9278
-74.9203
-65.1442
61.0103
16.1652
-10.6018
99.1006
-65.5137
-35.7057
76.2196
-19.2308
-48.9512
37.5074
43.968
-13.6203
-84.9285
-9.13103
-43.6521
45.274
81.6708
57.5645
-92.6895
-98.9191
5.56713
52.1935
-35.6586
79.0083
28.8872
-81.1731
-11.5953
-38.801
-92.0273
38.7735
84.7865
-96.3577
-97.164
-39.471
82.5802
21.2653
-71.8371
-1.5425
68.6958
1.92917
-19.3955
-19.7351
-11.686
4.89857
-60.5477
93.2281
-7.18259
89.0098
80.7831
98.1783
-4.57469
80.0204
-88.7401
-76.5669
11.9337
2.9982
69.1331
97.2454
98.392
86.717
-60.181
17.7761
-17.3679
78.2149
28.5758
-52.0939
90.2454
-62.4619
81.5133
-81.9513
53.8893
-5.99233
-79.7702
63.3179
35.6127
-5.14444
-70.671
-95.2033
57.4708
-87.1492
61.1774
-80.4978
40.8469
-87.0607
71.0548
-10.9477
-6.38736
-94.8177
22.4735
-16.7985
-88.4489
-12.6372
-51.1702
-38.8232
-98.7009
72.7257
-35.5359
-18.039
-3.84748
-70.3631
92.8194
38.7705
14.1324
-63.004
32.9702
-34.4571
90.4357
33.1162
-38.2746
17.0519
66.8141
62.2486
53.6718
-28.8498
-23.9786
-48.971
11.7979
14.9754
96.2792
80.9567
92.1484
70.2091
16.1409
56.0401
-73.6264
11.0622
25.4687
70.2471
-75.2903
-58.5009
96.129
-54.781
-32.6199
-59.6511
66.8353
86.1011
-96.3116
-82.8271
35.9537
29.6754
-20.8931
83.345
-87.3728
0.471296
-7.31362
-13.5051
20.9214
98.2395
82.0211
89.2945
-15.077
-39.7752
-54.1884
28.8559
92.3391
-28.0312
6.18813
62.6211
52.4233
79.2627
-94.4797
-47.3824
-12.5528
16.6494
-81.4973
70.621
91.1612
11.8919
38.2766
35.9589
-74.5687
87.3013
-25.895
46.7574
78.5548
18.2996
-56.1638
-0.992501
-50.3539
44.226
3.75628
16.1018
-24.9582
-22.9231
-15.3077
43.0192
37.5638
71.745
-29.7027
-15.2639
-16.0502
-94.0402
-19.5445
13.5158
70.5344
36.6406
-8.47029
-45.6128
-23.7961
-85.5748
-59.0049
54.8848
-72.7
-72.6152
76.2421
-66.7737
-25.3309
-14.6177
-58.7565
-25.844
24.9682
-4.70943
73.9491
-6.69308
-93.6371
18.2819
83.7689
2.07736
8.14506
-66.3909
-38.8901
57.1289
-11.309
83.7398
42.5332
68.6181
0.83129
-0.363458
-61.2477
-55.1039
97.7831
79.0764
-5.67045
-14.7848
79.7483
58.0681
12.4683
3.45624
31.2257
0.17869
3.21132
-63.0616
-12.6568
-37.7155
2.50735
54.6444
-36.8538
97.2591
48.8592
79.0139
21.9095
80.475
13.3024
50.5517
40.4971
-83.4176
-95.015
-62.881
-59.3534
-59.3326
-32.7652
69.9615
-20.8099
9.04034
-98.4341
91.1537
-45.9592
24.1878
-70.4264
-62.8407
34.4211
-0.485736
4.6562
-84.9757
-38.7466
57.301
-0.154126
-63.8094
-17.6695
-21.6399
-55.7885
86.9378
47.3324
94.9408
70.1192
25.8445
8.90983
26.6039
86.36
-36.4419
-17.6418
-57.3545
-27.3078
19.6343
21.3688
58.641
55.0102
-29.1672
-1.67957
-42.4761
-38.8323
-61.7646
-27.1888
16.8411
-69.2702
-99.0517
-5.21971
45.5629
-3.28773
-30.9094
-9.25913
58.2146
10.5218
-78.0718
-97.5919
-82.24
49.3584
4.13218
-82.8731
-9.76461
-47.27
-18.9923
66.9527
70.9192
-6.89702
94.9648
53.1768
-21.9202
-63.2598
75.5866
-53.9231
-94.1774
-70.2811
12.6893
-86.4964
-83.5634
2.28367
-1.12566
-17.1723
-15.1793
-65.8355
89.299
3.50126
9.18795
33.3352
80.6925
39.6007
51.6091
47.798
-12.6931
-55.4609
-53.0399
74.2582
23.0536
-33.6919
-73.013
28.4535
-60.9772
-47.8029
69.1145
53.3123
-26.6654
-74.7765
23.1224
36.487
1.37244
-89.5338
16.471
-40.2108
93.3958
71.4051
-73.6746
-47.5957
75.4038
-53.5621
3.95222
-92.4824
45.2329
-75.8306
52.6233
-89.2095
-79.265
35.0435
-87.3105
52.1642
74.548
-74.4605
26.1038
-9.27943
-15.9688
58.781
-78.2977
24.3516
24.2244
-60.7826
-84.0532
-91.5211
6.28316
-74.1932
-27.1332
-78.9873
75.4894
-34.6529
-26.1426
58.912
76.5195
-46.5858
-24.1633
83.5394
-15.7842
-9.8532
46.0683
29.5304
8.59465
32.5445
94.9477
-98.9571
13.3835
-22.3405
24.5576
-71.8896
81.1502
-49.4582
-33.2436
84.5988
-26.6123
46.7292
96.2385
-74.1857
-55.7122
-82.3045
-11.3452
-28.7753
-46.0939
63.3992
3.83041
16.4399
32.4132
-78.0066
38.6565
-43.0429
-96.3845
-62.6061
-43.065
88.2521
53.7408
63.7768
-98.2901
7.94907
-84.9652
31.8945
-6.18021
10.6895
29.9516
-25.9563
-7.72512
-31.3617
-94.5768
69.2977
-34.0729
-76.7448
-90.2791
49.9362
55.205
89.5063
90.4149
-87.9081
-59.8221
18.9007
20.6839
13.8114
-67.9474
73.1728
-96.0868
-6.70453
-50.315
47.6591
4.2179
92.6991
-64.8686
55.884
-62.8534
-9.26347
-41.9639
21.3309
-54.8639
23.0539
59.1637
86.8405
32.5121
2.44301
-36.9212
87.9171
-83.1077
-77.7177
14.6528
67.6172
-93.7576
40.5873
-84.8189
-19.8832
63.1885
-9.85646
-81.3679
18.4362
24.3271
42.1111
23.4573
-26.1765
8.09157
4.04498
92.6047
44.7628
88.8819
98.547
9.12638
59.1328
-27.6789
39.7028
-30.6516
-17.5271
83.7053
28.0361
37.8596
-89.084
-68.8527
-17.8022
-7.1953
-76.7594
90.0714
5.8487
38.2442
55.3911
-82.8805
56.4147
55.0754
31.7372
-17.5303
40.7161
79.4748
-6.61137
36.6617
-67.1191
-90.9286
30.5404
-25.3255
82.665
33.0605
-60.846
12.5201
91.6839
-89.3108
-48.3426
-25.7793
-78.292
-44.0687
-78.4861
38.3969
-76.5619
11.5309
57.7834
-73.8788
66.5002
22.4069
17.4287
49.8095
26.1794
-68.8001
54.9169
28.9135
-33.4677
-51.5832
-78.0711
-66.0098
70.5224
20.3339
54.1537
-90.0936
-17.2833
0.1764
-47.0157
79.0496
33.6485
-22.8472
-43.2777
-27.3069
-48.6645
43.5884
-7.74133
-24.3733
-51.5808
-34.0314
-11.6543
-61.3373
65.6298
-68.4975
93.4924
12.4886
16.4409
-48.7797
-22.0527
-32.6926
-60.9079
-26.7351
4.83742
-2.57387
72.163
8.37899
15.0188
-93.9779
-7.36608
-76.8772
24.9101
-73.0595
92.8011
-0.126095
11.1932
-22.5982
89.3322
20.481
47.4404
-60.8514
4.62055
8.89725
27.4013
57.6079
-65.8483
27.6839
73.6394
18.9965
-48.0932
-1.67133
2.99439
74.4918
95.5354
54.7009
-35.6282
-43.1657
-28.529
-31.5791
46.4923
9.68379
-36.0187
31.4675
-1.69506
-62.8458
6.63949
-32.5549
88.4152
-33.7723
72.2959
-91.9074
59.4293
-23.824
-16.7396
36.2958
-76.6452
-89.8715
-88.2725
-1.52915
51.6952
77.1618
-2.64588
68.2917
37.7194
30.5349
25.5774
-13.1284
-77.0894
56.4862
-85.2354
-96.2084
24.265
98.4264
-50.8256
27.825
-38.0648
62.964
26.9968
52.9511
-37.2514
58.5735
62.1408
25.2737
6.86632
81.1129
32.4078
8.86363
-11.0502
98.5019
66.4743
-50.4294
47.3778
-21.6974
-72.5367
-28.8719
-76.8734
49.9944
-12.606
-20.2342
58.8853
-8.29814
-40.4013
57.7336
71.929
78.8023
-32.0808
18.3253
28.1777
-85.0053
17.1805
-26.5437
-30.0577
-62.3379
69.2831
-43.6437
17.1023
74.5353
-11.3508
-77.1592
62.1136
-39.6245
-49.9943
1.27592
25.2637
15.6987
72.9574
14.1342
-95.7604
24.0001
-0.993827
-33.2065
34.2205
2.12015
31.3446
52.1213
14.1987
-14.4486
10.329
-73.0138
25.3686
77.8034
-23.6152
39.263
-78.1907
51.7856
45.4552
-22.9645
16.3862
96.0046
-72.5374
41.5792
-86.9523
62.4351
1.45547
13.1572
7.23524
36.3932
20.4325
65.3463
7.19325
-31.8195
-57.4012
68.5274
-48.6748
-30.6688
47.9252
-0.840479
-87.4251
-65.2656
45.8964
-6.78697
52.1308
-45.3661
-10.501
-65.5435
30.5442
-37.0781
35.9017
93.2493
-96.5183
-47.6619
-11.4148
53.8605
1.4807
20.2147
-5.32786
62.7289
44.9229
79.1067
-18.6165
98.4395
38.6927
-85.3139
-97.1942
6.31425
72.8525
-45.0863
-89.2101
54.7122
19.8171
-35.7427
10.0377
-9.8539
65.8501
3.19206
-18.4379
91.5562
90.7094
-93.4141
30.7581
-79.5512
49.5648
24.122
49.6999
-53.7717
76.6464
52.0471
63.2099
5.75675
-71.4043
-7.16813
5.48108
-5.52984
26.0444
25.3912
63.4125
17.7607
15.6409
98.958
82.4881
-38.2332
-77.3359
92.4342
-97.009
39.4636
13.5915
62.2714
-35.3687
67.643
85.8041
67.2067
8.75692
-47.662
94.441
49.2986
48.4684
44.5628
-64.9056
-16.8669
-52.9155
51.424
70.5296
-64.0888
-50.8344
-83.5994
-84.9686
-10.1188
-24.2921
-20.738
27.3009
-71.8606
-72.4939
-96.6195
61.3136
-58.1779
19.1733
63.4094
97.2378
12.2188
-67.9491
-91.1178
-95.4924
48.3224
-15.5649
30.0477
-63.5644
39.6746
14.6597
-79.5998
-95.7613
-82.2631
7.38634
-98.1136
0.219673
80.7138
-39.3808
-20.5416
67.9726
6.72632
24.4996
-83.1764
-35.2651
-19.9156
-15.346
-75.4848
71.1617
-36.5105
35.4778
86.8572
-61.9884
-57.7274
22.1823
-10.9459
54.6876
-13.4849
73.0389
-5.41697
75.8991
54.9177
-76.291
-0.111755
22.6093
75.1345
-87.3575
2.52875
62.9252
-18.1404
80.4219
-49.8888
99.2043
-82.2139
49.247
-36.1118
66.8882
-23.4243
77.2152
96.7192
-89.3344
-89.9271
-38.4213
-48.6632
-13.524
-47.5427
-8.61485
32.2111
84.8584
-58.4275
-59.946
-46.09
41.7744
64.0725
-7.19855
42.0945
95.6106
-41.6882
34.0663
72.8546
-1.39094
-43.0879
-40.394
-98.5233
50.3887
41.893
4.91624
41.2926
-56.1275
-96.9921
71.6336
-52.7795
31.0698
40.0372
-84.7257
-68.8236
90.1342
-26.7047
8.81461
-25.3895
-2.40636
-18.0746
2.27523
39.6962
-76.3836
-44.558
89.2148
98.1129
46.8081
-72.5452
63.8706
-62.7893
3.72964
60.0066
11.5454
54.7414
86.2933
5.29274
62.8324
43.3065
-69.8621
25.3902
7.43698
46.4946
21.6476
-93.3485
-55.866
31.0666
-22.9344
41.8096
-6.23346
-34.6027
73.0136
30.8625
-86.5286
76.8225
-25.6338
91.5888
84.5155
89.3964
29.8581
-58.4037
-36.2605
-27.8575
32.6158
44.9958
-87.4229
-50.0675
0.475587
-97.0563
-86.3796
-20.5112
-49.5781
-18.4515
80.0969
-88.3939
99.9861
72.2804
73.127
4.04719
55.5693
11.7875
79.5884
1.84613
-85.3184
15.0709
-94.1634
99.8184
27.9583
-52.6903
39.271
-24.7249
-27.4497
71.1214
-30.1974
-47.8862
-15.2584
40.5356
50.1328
49.7933
-3.60029
-51.3744
-42.5388
29.3756
99.4925
-30.6238
-58.7346
18.8173
-20.352
26.0439
57.0912
72.8902
-17.3485
-58.4695
50.2947
-20.122
72.4657
-45.419
10.2669
-19.5826
41.1081
75.9639
91.8478
72.9326
33.9351
61.7059
-97.3492
92.1068
5.91935
-33.3172
-17.2216
26.506
-20.4089
-39.9905
51.6533
-59.8259
63.9116
-45.4782
20.0878
70.0445
-2.11537
14.8239
39.5821
88.0938
87.579
4.09048
-34.4252
49.9133
-83.5199
-0.692431
95.2517
79.4468
96.2138
-83.126
-22.4013
97.9222
93.6845
10.9835
-86.6534
-97.8723
-53.0121
-18.0692
64.3539
77.2379
-25.9612
-75.8219
-15.1691
62.0814
29.1886
-86.7551
60.9089
-50.948
-10.3878
58.886
29.6091
79.1877
-20.4379
7.2409
-43.4949
-40.5419
-26.1887
-66.1107
-71.5216
55.38
38.7702
26.4382
62.4159
-28.5704
-27.5129
69.0649
79.5007
-37.1973
43.6999
12.0322
35.7373
62.6183
55.1989
94.4378
-14.0547
-20.9019
-61.4065
97.0022
28.2739
-33.6493
90.0325
-72.6845
15.3471
-89.0101
-90.0238
-68.9568
-29.4557
73.3005
83.6841
-44.0522
4.00898
-19.9479
-31.5368
78.3501
-48.1729
-37.4304
-98.2573
64.1678
-1.04472
-8.22035
-58.2786
-61.7782
60.8827
66.3493
20.2648
81.5284
2.95759
-78.6081
22.2816
-30.2395
11.8602
-54.5842
-97.6348
80.7652
9.47603
-56.3411
78.0576
35.0185
-96.9768
81.3363
-77.0314
-46.4225
20.0679
-4.35135
-92.4944
-61.3265
-83.3672
-48.6489
-25.3562
19.4033
97.3562
12.0401
-81.4989
54.4097
18.4602
83.8048
-44.5356
-4.6182
-94.9002
57.9523
38.4748
-37.307
