-73.6924
-8.26997
-56.2082
35.7729
86.9386
3.88327
-93.0856
5.94004
-98.4604
-86.6316
37.3545
86.0873
5.38576
30.7838
40.2381
52.4396
-90.5071
-34.3532
51.2821
-26.9323
96.5101
50.6712
-85.4628
76.9414
-12.7177
-4.45365
-45.0186
-66.6986
79.5313
-87.8871
0.904579
-36.1934
-1.20466
-81.8534
-85.2502
-23.1716
82.7635
-7.11084
-89.9832
54.0409
-74.9269
37.6911
25.9087
45.0824
77.7144
-38.7356
2.65474
69.1963
68.3021
-16.9211
-6.41653
-64.3345
14.331
-93.3892
-0.303976
49.6585
78.1475
68.4079
-57.4497
-73.9145
-45.0824
-17.1413
41.9639
-52.0178
-36.4921
30.4117
36.2692
-22.4549
-70.4934
69.1151
91.0818
-70.3697
-18.2467
12.9797
-2.29709
92.219
-60.0486
25.8538
30.2507
60.6146
-4.71364
-59.3499
80.3347
-71.5958
-17.9374
77.1297
-67.5603
-26.9322
-72.9781
-8.93854
-9.53997
86.3349
-56.9503
81.7844
72.172
1.19118
63.5123
-7.551
26.5477
64.9395
